1000
5 18 121
9 41 202
12 24 140
30 70 5
48 74 106
58 65 115
72 100 156
79 100 210
93 140 12
119 133 113
122 162 119
131 171 121
155 171 15
169 184 227
170 174 204
181 224 203
210 224 270
233 249 226
249 282 298
277 296 127
302 330 235
315 335 262
345 370 127
358 400 104
360 362 50
366 385 52
375 402 144
375 398 258
403 426 142
416 461 4
425 464 246
455 499 25
456 482 53
486 504 39
504 531 252
515 548 239
520 547 59
548 579 255
551 559 231
560 579 235
583 604 104
609 645 116
626 658 6
635 666 270
660 674 63
677 700 252
695 728 13
724 727 248
736 761 293
766 788 240
769 786 224
797 827 141
797 836 112
816 862 105
821 825 175
824 861 189
825 841 270
849 872 115
868 879 92
894 897 279
898 924 3
900 940 201
903 905 104
908 913 49
910 942 134
922 932 171
944 957 56
952 963 7
954 999 86
971 1017 113
997 1019 234
1020 1046 98
1029 1060 257
1029 1075 156
1034 1047 265
1034 1047 4
1034 1083 68
1038 1078 208
1046 1066 46
1074 1077 63
1085 1130 10
1103 1109 287
1110 1148 119
1120 1134 97
1123 1139 230
1152 1202 212
1174 1185 287
1182 1225 260
1208 1244 151
1235 1237 171
1248 1267 65
1267 1281 198
1276 1309 284
1300 1344 34
1325 1334 139
1325 1369 216
1348 1371 125
1361 1373 118
1391 1419 79
1393 1410 252
1419 1457 82
1419 1459 273
1423 1429 88
1426 1471 280
1451 1465 300
1472 1507 128
1479 1491 67
1499 1528 50
1500 1542 171
1512 1518 146
1537 1540 280
1540 1544 209
1557 1588 98
1570 1618 233
1571 1592 128
1592 1630 221
1606 1622 270
1633 1671 214
1654 1666 243
1656 1661 151
1664 1682 124
1675 1708 98
1702 1703 131
1726 1747 118
1747 1794 231
1758 1807 157
1766 1807 23
1786 1816 227
1796 1799 173
1800 1814 121
1830 1840 25
1832 1879 118
1836 1837 9
1841 1845 219
1849 1863 149
1867 1894 97
1885 1924 269
1901 1946 191
1926 1952 60
1952 1974 297
1978 2019 200
2007 2033 282
2009 2050 211
2033 2057 171
2054 2063 123
2073 2096 244
2076 2101 96
2097 2142 82
2125 2164 47
2153 2162 49
2155 2205 185
2167 2217 17
2178 2192 245
2181 2200 227
2210 2218 87
2232 2257 1
2257 2271 251
2278 2298 61
2288 2292 195
2313 2322 20
2328 2343 112
2331 2365 194
2343 2346 105
2344 2355 173
2358 2399 84
2382 2422 165
2408 2416 37
2421 2434 146
2436 2459 142
2446 2471 293
2458 2476 91
2482 2495 128
2511 2515 198
2514 2518 7
2526 2576 118
2533 2553 32
2562 2582 35
2565 2575 52
2578 2608 214
2586 2604 172
2600 2628 110
2609 2655 170
2629 2656 287
2655 2683 260
2669 2687 283
2687 2720 205
2709 2726 6
2711 2729 81
2737 2746 270
2752 2780 228
2782 2806 151
2808 2854 24
2819 2834 241
2826 2843 248
2826 2861 283
2838 2871 242
2859 2880 45
2883 2910 136
2913 2932 38
2923 2958 71
2941 2979 84
2951 2990 35
2979 2986 39
3002 3009 250
3025 3066 282
3033 3058 244
3034 3082 153
3063 3077 236
3091 3125 276
3112 3129 98
3116 3165 279
3144 3171 290
3154 3188 42
3166 3167 135
3182 3214 185
3203 3251 182
3204 3231 281
3204 3209 131
3220 3253 207
3240 3290 297
3256 3259 182
3284 3318 187
3302 3320 112
3326 3354 282
3333 3379 221
3358 3392 129
3367 3376 254
3380 3420 26
3380 3400 169
3402 3409 40
3408 3420 300
3415 3440 19
3434 3457 158
3435 3453 277
3444 3460 100
3445 3474 251
3459 3461 246
3476 3503 291
3502 3514 126
3522 3559 198
3546 3558 273
3557 3590 69
3576 3578 69
3595 3623 136
3618 3633 200
3636 3673 171
3666 3682 297
3683 3692 99
3687 3736 117
3694 3720 189
3719 3761 247
3746 3747 54
3758 3782 204
3783 3826 155
3808 3820 57
3833 3845 96
3839 3874 68
3844 3867 142
3868 3874 14
3870 3881 220
3899 3938 276
3928 3969 32
3928 3938 279
3938 3970 199
3945 3971 271
3958 3989 198
3985 4018 123
4002 4042 153
4015 4019 245
4021 4068 16
4049 4091 6
4060 4083 67
4072 4107 228
4101 4109 33
4117 4132 276
4132 4164 23
4153 4201 291
4181 4219 80
4211 4237 115
4226 4232 138
4234 4278 196
4251 4298 34
4257 4282 108
4258 4279 116
4284 4307 257
4296 4318 272
4305 4310 292
4319 4342 182
4343 4358 177
4345 4361 69
4366 4403 114
4379 4393 286
4402 4427 129
4403 4430 204
4407 4420 206
4411 4422 220
4432 4438 250
4435 4441 81
4443 4483 160
4445 4458 179
4474 4514 152
4475 4510 211
4492 4517 264
4520 4565 180
4544 4579 285
4567 4581 112
4588 4599 262
4617 4634 55
4617 4667 124
4631 4657 237
4659 4675 297
4664 4668 251
4687 4693 287
4699 4703 211
4728 4763 113
4728 4768 38
4737 4755 102
4753 4776 115
4754 4767 133
4765 4776 149
4771 4793 115
4777 4816 131
4804 4815 270
4824 4874 249
4842 4858 115
4849 4876 182
4877 4912 80
4894 4901 282
4913 4952 66
4923 4939 161
4952 4971 29
4956 4979 90
4970 4978 14
4994 5012 235
5022 5058 240
5044 5049 160
5064 5078 112
5074 5103 286
5089 5135 282
5108 5147 293
5116 5120 229
5128 5135 245
5136 5155 242
5162 5189 108
5172 5215 105
5173 5192 274
5194 5234 54
5216 5217 104
5216 5220 249
5244 5262 211
5255 5293 115
5276 5288 197
5300 5332 59
5302 5350 149
5303 5349 54
5307 5347 3
5309 5340 56
5320 5344 192
5321 5322 10
5331 5377 296
5359 5381 65
5388 5404 297
5400 5435 244
5413 5444 155
5426 5453 156
5451 5496 214
5465 5474 82
5473 5484 265
5476 5504 3
5497 5503 175
5527 5545 220
5539 5565 23
5563 5609 292
5563 5580 146
5579 5624 185
5587 5596 180
5589 5604 111
5605 5644 37
5613 5621 181
5617 5659 110
5643 5671 92
5670 5717 288
5674 5689 152
5675 5716 187
5698 5712 62
5726 5770 47
5751 5792 166
5779 5800 294
5784 5819 186
5787 5836 274
5817 5818 218
5824 5863 60
5844 5876 11
5867 5900 237
5885 5898 211
5890 5935 72
5912 5959 9
5912 5927 22
5938 5957 178
5941 5959 165
5941 5948 9
5963 5967 8
5987 5992 130
5992 6027 75
5992 6033 26
6018 6025 290
6020 6023 179
6024 6040 148
6027 6073 57
6028 6061 234
6054 6074 95
6078 6095 241
6108 6147 134
6129 6177 235
6138 6188 220
6138 6185 122
6159 6167 92
6188 6224 102
6204 6249 281
6222 6257 219
6241 6277 209
6253 6276 230
6257 6305 208
6258 6274 17
6270 6294 127
6277 6315 195
6298 6323 155
6317 6333 15
6323 6355 234
6343 6347 111
6364 6385 146
6393 6408 196
6408 6433 193
6415 6446 25
6415 6458 293
6442 6484 164
6463 6487 100
6483 6531 84
6495 6501 120
6504 6507 283
6528 6577 217
6529 6556 150
6544 6547 130
6551 6588 279
6554 6593 7
6575 6609 161
6578 6614 16
6598 6633 198
6615 6630 242
6623 6631 127
6635 6683 258
6653 6667 48
6676 6722 65
6678 6712 169
6689 6735 112
6705 6707 86
6732 6766 114
6749 6757 34
6777 6804 136
6779 6802 232
6783 6800 7
6802 6817 193
6824 6850 136
6852 6872 204
6878 6879 8
6884 6895 92
6892 6942 19
6918 6947 79
6918 6923 30
6930 6960 215
6952 6984 133
6964 7001 211
6977 6997 153
7003 7047 286
7010 7051 195
7033 7036 15
7035 7052 148
7037 7059 75
7053 7067 40
7068 7106 135
7096 7100 202
7112 7125 270
7119 7155 159
7130 7132 123
7159 7192 128
7168 7188 125
7181 7188 210
7199 7213 139
7224 7229 72
7227 7237 236
7232 7254 251
7244 7256 275
7251 7272 3
7251 7272 175
7276 7320 271
7299 7300 214
7307 7315 42
7335 7381 21
7345 7389 215
7359 7368 270
7361 7364 182
7385 7398 39
7387 7390 97
7393 7418 270
7409 7411 246
7423 7440 209
7450 7451 22
7471 7474 283
7496 7508 156
7504 7507 147
7509 7540 158
7519 7529 126
7531 7536 68
7555 7587 81
7567 7594 206
7576 7582 128
7599 7627 142
7626 7673 221
7655 7687 94
7663 7689 32
7665 7700 92
7668 7705 296
7693 7702 201
7698 7702 222
7712 7754 264
7717 7740 297
7735 7764 52
7748 7750 10
7753 7783 85
7777 7815 299
7785 7799 90
7809 7830 282
7816 7854 190
7845 7889 34
7869 7881 17
7890 7910 139
7913 7946 29
7916 7940 254
7926 7940 219
7947 7983 3
7951 7965 282
7962 7997 81
7978 8001 133
7978 8012 158
7989 7994 267
8012 8032 79
8034 8056 10
8052 8065 245
8071 8102 71
8096 8103 123
8108 8117 61
8123 8161 112
8149 8177 74
8159 8169 10
8164 8204 92
8193 8238 143
8195 8201 114
8222 8258 34
8238 8240 13
8238 8288 212
8245 8291 267
8249 8264 290
8274 8292 7
8295 8320 118
8306 8345 155
8316 8333 24
8331 8375 272
8335 8347 158
8352 8385 165
8354 8394 279
8357 8371 122
8379 8408 187
8402 8425 110
8413 8440 63
8432 8468 78
8453 8466 134
8470 8516 258
8489 8522 207
8493 8508 23
8496 8510 240
8519 8561 149
8521 8552 25
8548 8594 201
8559 8581 72
8563 8602 57
8565 8587 131
8593 8595 147
8603 8615 130
8625 8632 125
8652 8655 168
8671 8696 200
8688 8716 140
8712 8762 174
8726 8746 153
8749 8754 40
8765 8790 50
8777 8790 271
8778 8784 65
8808 8849 185
8817 8844 49
8839 8845 66
8852 8896 274
8874 8917 292
8897 8903 213
8911 8941 40
8919 8941 164
8937 8973 64
8942 8961 117
8971 8985 262
9001 9032 152
9017 9063 8
9024 9071 123
9046 9085 248
9066 9067 106
9096 9108 224
9108 9109 145
9133 9158 77
9145 9178 37
9175 9179 182
9204 9221 209
9233 9240 26
9240 9278 69
9253 9260 31
9267 9279 142
9275 9322 289
9283 9298 70
9310 9336 124
9339 9386 110
9362 9399 299
9376 9400 76
9397 9438 128
9399 9400 121
9418 9434 10
9424 9442 176
9433 9438 249
9440 9447 251
9463 9475 294
9469 9479 241
9497 9528 44
9526 9573 287
9535 9575 263
9536 9580 256
9542 9587 24
9543 9563 29
9547 9561 163
9561 9606 208
9584 9619 56
9613 9662 184
9622 9639 239
9624 9651 260
9643 9653 208
9659 9696 211
9675 9705 215
9694 9708 103
9707 9744 265
9729 9764 46
9741 9776 141
9769 9809 242
9792 9814 49
9806 9829 110
9814 9832 154
9817 9851 68
9822 9829 298
9847 9882 296
9875 9890 123
9884 9907 173
9889 9911 281
9893 9925 111
9922 9969 246
9935 9979 72
9951 10001 118
9962 10011 173
9991 9992 126
9999 10034 39
10005 10046 83
10020 10040 154
10026 10056 19
10046 10065 260
10051 10066 98
10073 10105 91
10090 10111 184
10097 10105 260
10105 10149 297
10123 10146 222
10152 10198 220
10172 10196 214
10181 10210 176
10182 10183 42
10187 10201 2
10217 10249 199
10226 10266 273
10239 10252 54
10240 10241 130
10267 10270 63
10274 10280 279
10296 10346 298
10315 10335 264
10342 10344 221
10361 10374 108
10389 10413 89
10389 10421 228
10419 10446 278
10448 10452 281
10471 10517 146
10500 10521 140
10504 10535 210
10515 10516 149
10525 10548 260
10548 10590 268
10548 10574 51
10574 10589 275
10578 10585 292
10587 10634 299
10602 10613 175
10628 10658 161
10639 10689 136
10652 10653 89
10677 10683 152
10681 10702 79
10711 10725 74
10735 10781 217
10740 10754 219
10759 10797 261
10765 10797 284
10790 10826 84
10817 10866 119
10822 10835 11
10838 10839 156
10850 10893 297
10880 10905 27
10890 10928 60
10897 10936 12
10897 10941 29
10922 10970 283
10930 10972 169
10934 10937 274
10935 10969 235
10937 10975 69
10962 10975 78
10985 11009 206
10992 11001 232
11021 11028 94
11040 11087 280
11050 11059 241
11050 11070 193
11074 11081 239
11089 11126 45
11116 11166 195
11123 11139 242
11133 11136 110
11149 11175 89
11171 11185 233
11191 11216 159
11214 11263 111
11243 11270 286
11254 11263 248
11257 11289 128
11273 11322 42
11294 11318 277
11302 11314 21
11306 11311 77
11327 11350 97
11340 11382 152
11341 11364 83
11357 11381 76
11385 11406 114
11414 11447 143
11444 11484 176
11446 11477 46
11448 11483 119
11478 11527 73
11478 11525 106
11488 11529 29
11516 11525 39
11543 11574 180
11565 11595 19
11593 11643 189
11614 11619 195
11614 11648 80
11626 11673 297
11627 11650 288
11656 11676 162
11660 11703 203
11670 11711 85
11693 11734 95
11698 11699 144
11714 11756 195
11717 11744 163
11731 11751 229
11731 11747 139
11734 11756 231
11737 11777 136
11737 11786 223
11765 11789 180
11788 11823 67
11798 11813 97
11821 11847 250
11828 11877 138
11833 11849 23
11847 11854 258
11868 11876 262
11880 11912 174
11895 11928 209
11917 11959 252
11943 11966 262
11944 11971 227
11951 11956 155
11980 12011 6
11989 12017 192
12014 12049 295
12037 12085 289
12056 12099 237
12071 12102 61
12074 12113 112
12091 12107 150
12099 12147 251
12124 12172 263
12144 12145 27
12148 12197 39
12154 12177 203
12154 12199 152
12166 12193 5
12193 12237 248
12212 12244 82
12213 12237 143
12238 12275 130
12266 12296 45
12287 12329 16
12294 12295 146
12305 12322 162
12324 12372 195
12352 12359 238
12380 12417 86
12393 12403 88
12393 12425 192
12421 12456 47
12449 12468 138
12472 12483 159
12491 12508 163
12500 12545 238
12501 12546 295
12516 12542 297
12524 12572 94
12547 12594 269
12549 12572 221
12562 12565 277
12563 12590 258
12577 12594 236
12593 12625 211
12612 12659 111
12639 12666 232
12644 12668 56
12669 12698 124
12686 12721 147
12702 12732 69
12714 12719 179
12721 12762 21
12728 12772 144
12734 12735 168
12763 12788 192
12779 12785 209
12788 12798 268
12815 12829 15
12815 12857 17
12845 12872 134
12845 12853 59
12869 12879 57
12883 12928 48
12906 12928 188
12934 12941 179
12950 12979 125
12952 13002 56
12956 12982 231
12967 13001 14
12981 12991 192
12994 13007 262
13013 13040 279
13023 13027 264
13050 13058 77
13078 13120 111
13092 13093 273
13094 13132 44
13122 13132 151
13147 13171 263
13155 13167 183
13171 13192 208
13191 13219 28
13195 13197 130
13205 13208 70
13213 13238 111
13221 13271 3
13226 13235 218
13255 13273 234
13283 13294 34
13291 13332 68
13321 13371 34
13347 13375 58
13364 13384 205
13366 13391 68
13375 13389 12
13392 13417 186
13414 13423 292
13428 13465 115
13455 13481 51
13455 13486 75
13463 13499 48
13473 13475 247
13487 13510 130
13502 13546 280
13514 13515 161
13542 13553 126
13570 13608 244
13581 13617 181
13596 13645 298
13619 13664 239
13641 13646 27
13653 13668 54
13679 13688 24
13679 13712 89
13681 13708 40
13682 13729 23
13703 13753 204
13731 13765 110
13737 13756 43
13740 13776 155
13769 13770 186
13796 13827 77
13819 13836 251
13841 13873 268
13845 13846 200
13859 13867 114
13865 13895 248
13892 13906 28
13912 13915 196
13929 13943 297
13941 13971 296
13958 13979 230
13970 14014 155
13997 14046 166
13998 14036 239
14018 14046 289
14024 14048 236
14045 14084 8
14063 14106 192
14072 14078 269
14072 14107 142
14099 14109 57
14120 14164 109
14144 14186 53
14149 14188 125
14160 14173 186
14165 14199 296
14166 14199 104
14196 14230 204
14197 14234 141
14214 14224 189
14232 14241 245
14249 14274 284
14264 14313 299
14266 14303 228
14268 14269 222
14272 14298 219
14298 14319 71
14326 14330 242
14349 14386 128
14378 14389 248
14391 14397 48
14397 14446 207
14423 14451 239
14446 14495 272
14447 14465 14
14460 14469 8
14479 14492 131
14507 14523 49
14535 14563 197
14543 14560 148
14569 14573 109
14596 14620 190
14615 14631 158
14640 14663 140
14663 14698 292
14685 14695 29
14686 14692 226
14714 14732 252
14731 14777 226
14748 14757 12
14773 14823 270
14787 14789 31
14788 14810 9
14809 14819 268
14820 14841 29
14843 14871 242
14851 14878 206
14854 14904 142
14881 14925 286
14910 14960 283
14916 14965 246
14933 14965 1
14942 14975 155
14953 14958 262
