1000
4 35 155
16 60 194
33 65 284
42 57 261
71 84 290
76 112 298
91 135 45
92 123 44
97 106 110
111 131 246
114 157 260
118 132 33
148 159 204
153 184 61
166 183 79
186 229 24
213 224 247
226 235 194
240 286 18
259 308 284
269 302 198
269 315 31
288 325 73
316 327 22
345 347 112
346 370 172
355 396 103
378 398 53
401 446 54
422 451 234
450 483 31
451 460 99
456 480 245
478 482 111
508 527 44
515 525 207
516 544 205
533 574 168
553 554 21
576 608 205
603 616 266
630 671 56
657 685 272
665 702 191
665 712 162
675 678 27
694 708 68
710 754 142
739 749 295
765 773 53
774 824 219
797 824 229
817 827 83
821 860 294
844 871 194
861 884 187
873 885 104
877 906 231
893 905 47
911 941 73
926 945 144
926 973 166
929 975 230
954 963 231
961 978 237
987 1002 91
990 1018 191
1014 1037 137
1035 1040 146
1036 1045 177
1061 1102 6
1064 1099 286
1069 1073 131
1088 1108 215
1117 1127 108
1120 1138 288
1128 1168 182
1144 1151 176
1168 1178 109
1168 1184 4
1187 1226 210
1194 1208 28
1197 1206 12
1208 1256 300
1226 1261 255
1232 1252 121
1239 1277 270
1257 1258 134
1267 1310 182
1288 1306 236
1288 1311 267
1316 1359 60
1318 1335 184
1340 1370 168
1343 1391 230
1359 1398 236
1368 1412 87
1396 1421 16
1399 1411 131
1416 1417 110
1420 1447 131
1433 1469 43
1458 1460 202
1461 1477 119
1489 1493 81
1508 1552 201
1532 1582 249
1552 1586 70
1567 1584 120
1567 1587 180
1589 1606 162
1600 1620 38
1608 1620 246
1631 1675 223
1642 1647 74
1644 1693 53
1660 1680 211
1671 1685 114
1671 1691 65
1673 1683 259
1695 1697 11
1695 1711 112
1721 1730 287
1746 1756 181
1771 1791 97
1800 1835 256
1800 1828 288
1819 1869 145
1836 1882 229
1855 1894 82
1871 1880 239
1887 1914 269
1902 1906 282
1917 1952 267
1933 1969 16
1961 2011 169
1977 2027 128
1978 2021 212
2001 2023 290
2005 2042 260
2005 2028 3
2023 2073 86
2043 2079 17
2064 2092 151
2070 2092 97
2090 2130 286
2098 2134 235
2109 2117 55
2109 2141 247
2118 2167 218
2119 2163 110
2131 2141 69
2152 2190 12
2178 2215 163
2183 2222 130
2194 2199 280
2197 2209 269
2199 2235 85
2210 2260 42
2237 2271 258
2253 2277 114
2277 2327 41
2300 2304 255
2301 2339 260
2302 2347 129
2318 2322 207
2347 2396 277
2374 2385 11
2401 2436 105
2405 2413 271
2431 2442 164
2455 2505 276
2485 2524 122
2486 2528 248
2509 2542 262
2514 2544 9
2540 2572 202
2566 2587 125
2581 2608 86
2582 2615 270
2592 2613 80
2622 2647 241
2651 2676 43
2669 2704 146
2674 2689 254
2677 2702 228
2685 2711 1
2694 2729 62
2707 2710 214
2727 2739 10
2728 2769 18
2732 2755 117
2737 2764 65
2766 2815 105
2783 2821 233
2799 2844 19
2816 2836 287
2819 2852 221
2828 2873 118
2839 2859 199
2846 2856 280
2853 2887 290
2865 2884 230
2877 2901 102
2878 2888 271
2886 2914 113
2912 2930 3
2918 2964 275
2938 2946 32
2947 2964 299
2961 2990 159
2965 3008 64
2983 3033 112
2989 2995 134
2990 3022 157
3005 3054 279
3033 3041 59
3041 3050 156
3054 3086 18
3083 3122 218
3108 3145 179
3112 3115 116
3118 3131 128
3120 3157 253
3126 3166 149
3140 3166 141
3144 3170 79
3152 3193 271
3174 3182 46
3189 3227 213
3194 3215 86
3200 3208 62
3203 3221 218
3221 3229 262
3242 3284 82
3272 3322 159
3300 3316 121
3302 3321 99
3323 3346 64
3352 3383 225
3367 3405 157
3369 3403 85
3375 3413 123
3401 3413 201
3430 3431 42
3450 3455 81
3470 3509 101
3477 3504 91
3494 3540 17
3500 3541 87
3527 3572 211
3550 3575 177
3566 3598 86
3583 3610 118
3590 3604 29
3592 3621 5
3595 3597 104
3620 3636 133
3634 3651 275
3663 3682 47
3671 3688 158
3673 3679 56
3694 3743 109
3715 3757 153
3740 3779 43
3767 3787 297
3796 3810 266
3811 3834 104
3836 3871 49
3836 3861 109
3842 3851 95
3854 3896 145
3879 3889 166
3890 3905 12
3909 3917 259
3934 3949 261
3946 3972 113
3968 3974 234
3980 4021 10
4002 4045 18
4003 4008 102
4012 4027 20
4031 4064 47
4038 4058 92
4056 4099 12
4075 4082 227
4104 4108 214
4120 4151 71
4123 4146 77
4152 4200 62
4181 4224 195
4182 4191 107
4200 4246 136
4208 4212 64
4235 4247 210
4263 4265 257
4269 4301 104
4291 4322 183
4319 4338 283
4337 4345 293
4354 4377 194
4358 4393 245
4362 4376 244
4378 4425 201
4394 4395 141
4422 4469 140
4432 4454 188
4459 4470 187
4467 4499 127
4471 4482 161
4488 4495 13
4501 4536 103
4528 4548 66
4550 4596 141
4574 4617 30
4598 4624 33
4617 4657 7
4643 4665 222
4664 4666 284
4671 4708 173
4701 4719 51
4718 4748 203
4746 4750 157
4759 4785 135
4760 4780 238
4786 4824 254
4812 4855 225
4812 4860 198
4838 4887 89
4854 4877 72
4865 4901 237
4868 4885 191
4870 4892 20
4888 4902 64
4894 4942 296
4906 4916 226
4907 4921 88
4922 4938 173
4943 4950 162
4971 4980 109
4997 5026 116
5011 5017 162
5025 5065 188
5033 5069 208
5044 5047 25
5053 5060 4
5065 5091 135
5084 5114 75
5104 5110 226
5123 5161 146
5145 5190 41
5171 5189 68
5171 5212 163
5195 5211 125
5220 5241 160
5242 5284 275
5254 5263 1
5273 5275 135
5286 5292 10
5310 5316 14
5316 5342 290
5340 5372 107
5347 5367 56
5370 5377 110
5373 5387 211
5400 5444 180
5425 5473 56
5439 5474 179
5453 5476 220
5472 5474 279
5483 5529 189
5495 5534 225
5516 5542 64
5542 5543 293
5551 5594 132
5577 5597 30
5602 5634 106
5620 5668 109
5630 5654 66
5648 5680 15
5665 5702 247
5689 5734 237
5690 5715 45
5691 5721 156
5703 5726 257
5731 5773 158
5731 5736 50
5754 5773 67
5763 5778 68
5776 5794 199
5802 5843 195
5805 5835 125
5807 5836 71
5824 5842 153
5850 5892 171
5862 5865 193
5881 5922 274
5906 5923 25
5927 5948 149
5956 5983 171
5979 5994 58
5979 6001 178
5996 5999 28
5998 6037 25
6021 6025 200
6030 6039 57
6053 6096 292
6058 6068 201
6079 6091 139
6094 6097 295
6111 6136 229
6111 6134 32
6136 6147 153
6164 6173 117
6193 6224 89
6198 6211 108
6210 6224 289
6221 6238 111
6240 6276 79
6267 6304 159
6289 6290 293
6292 6310 192
6307 6349 100
6315 6337 257
6332 6341 268
6348 6359 54
6370 6418 64
6387 6399 215
6405 6450 96
6433 6472 158
6446 6486 39
6451 6496 106
6470 6483 92
6491 6504 45
6509 6547 96
6527 6545 280
6540 6563 201
6549 6557 5
6560 6602 72
6574 6578 178
6582 6593 189
6586 6627 82
6616 6662 92
6642 6670 52
6644 6692 198
6656 6665 232
6683 6697 91
6704 6729 1
6717 6736 188
6746 6757 67
6762 6811 167
6792 6802 140
6810 6836 184
6821 6834 198
6821 6865 102
6823 6834 297
6827 6863 118
6845 6893 111
6861 6876 225
6866 6868 184
6880 6893 262
6895 6928 236
6912 6923 143
6927 6931 222
6937 6972 255
6952 6963 36
6953 6968 122
6974 7011 281
6987 7032 293
7008 7029 115
7037 7072 242
7051 7068 89
7069 7090 15
7091 7125 17
7114 7147 145
7144 7165 25
7161 7164 212
7178 7201 231
7185 7204 239
7214 7264 153
7227 7256 32
7245 7270 248
7275 7285 294
7281 7321 103
7308 7319 176
7328 7332 40
7350 7393 7
7352 7391 181
7355 7389 20
7382 7427 110
7386 7395 110
7415 7460 44
7424 7427 177
7430 7479 229
7430 7478 141
7430 7472 35
7437 7442 176
7458 7488 96
7475 7478 50
7494 7531 121
7522 7556 10
7527 7542 99
7543 7550 123
7562 7588 236
7567 7577 260
7567 7606 97
7593 7603 204
7616 7650 199
7636 7669 133
7637 7671 104
7651 7695 254
7671 7710 181
7675 7693 153
7692 7705 127
7700 7720 126
7704 7708 68
7724 7747 174
7729 7734 214
7729 7743 155
7737 7769 115
7764 7795 206
7785 7811 19
7813 7855 182
7823 7825 23
7833 7845 256
7852 7886 96
7870 7899 62
7872 7887 162
7872 7917 124
7886 7909 106
7912 7956 110
7937 7960 237
7941 7975 211
7963 7997 48
7963 7995 202
7971 8004 32
7993 7996 82
8022 8046 211
8040 8081 109
8043 8079 193
8050 8098 273
8050 8083 260
8076 8080 179
8096 8144 183
8101 8113 229
8104 8152 272
8114 8144 272
8118 8165 231
8128 8171 236
8156 8198 271
8175 8185 184
8191 8208 5
8209 8229 30
8231 8243 183
8244 8292 169
8270 8315 138
8275 8286 217
8297 8319 264
8313 8355 139
8336 8366 272
8355 8387 158
8378 8404 18
8391 8415 73
8415 8449 30
8420 8447 249
8439 8472 288
8469 8508 198
8474 8521 298
8490 8513 182
8509 8558 287
8512 8524 119
8530 8568 10
8531 8532 251
8550 8570 254
8550 8572 238
8578 8618 234
8593 8630 97
8613 8655 50
8636 8685 195
8657 8661 272
8664 8713 168
8680 8687 3
8702 8733 40
8720 8761 15
8729 8776 145
8730 8743 61
8737 8781 68
8750 8765 292
8768 8816 179
8791 8810 154
8809 8832 7
8813 8819 136
8825 8852 153
8832 8868 57
8862 8889 93
8867 8889 34
8879 8903 292
8899 8910 151
8928 8970 64
8930 8979 69
8945 8984 36
8973 9023 91
9000 9023 297
9019 9044 7
9021 9023 71
9042 9084 231
9068 9079 201
9098 9124 63
9122 9167 172
9129 9139 101
9141 9186 120
9171 9189 261
9197 9227 202
9209 9247 8
9225 9235 19
9238 9249 153
9242 9266 97
9250 9251 225
9266 9293 169
9289 9302 106
9305 9311 14
9322 9348 46
9341 9391 9
9361 9406 142
9383 9388 119
9394 9407 160
9418 9458 183
9447 9478 264
9450 9458 216
9470 9491 281
9478 9503 176
9496 9536 29
9507 9523 130
9515 9539 28
9544 9547 84
9549 9587 35
9567 9604 150
9567 9588 10
9570 9591 213
9576 9600 1
9603 9629 266
9610 9652 130
9632 9635 274
9647 9663 204
9656 9678 229
9684 9729 76
9694 9710 251
9705 9738 255
9707 9724 41
9707 9750 67
9731 9765 26
9761 9769 270
9764 9775 214
9776 9825 234
9778 9796 197
9799 9802 68
9808 9833 283
9832 9869 181
9853 9856 31
9855 9863 73
9875 9925 248
9884 9890 239
9900 9925 220
9914 9921 138
9920 9921 249
9928 9970 185
9932 9944 223
9957 9983 300
9958 9976 26
9973 10020 300
9975 9976 14
9993 10018 214
10021 10033 179
10025 10061 104
10035 10055 166
10049 10055 117
10078 10122 284
10080 10082 93
10107 10119 229
10124 10173 63
10126 10169 200
10149 10185 230
10174 10177 231
10204 10228 242
10223 10242 129
10246 10285 3
10247 10249 148
10248 10286 46
10268 10296 108
10269 10289 135
10289 10338 296
10312 10353 145
10313 10319 134
10327 10368 215
10342 10347 283
10362 10403 35
10385 10406 125
10386 10392 202
10405 10448 160
10432 10465 160
10442 10447 75
10456 10464 254
10472 10497 14
10502 10528 229
10530 10544 92
10553 10589 142
10570 10609 97
10581 10604 17
10599 10617 188
10628 10651 14
10636 10666 271
10660 10664 42
10688 10728 66
10708 10728 163
10728 10762 208
10758 10787 14
10766 10805 217
10776 10781 38
10788 10820 193
10804 10813 288
10829 10857 265
10858 10880 160
10872 10875 190
10878 10901 53
10886 10934 25
10897 10908 72
10904 10919 249
10904 10928 258
10922 10963 153
10926 10937 256
10936 10977 12
10937 10963 198
10942 10965 30
10967 11003 125
10989 11009 178
11015 11059 249
11022 11030 26
11041 11087 216
11043 11063 106
11066 11114 79
11087 11114 22
11088 11119 105
11114 11158 206
11119 11155 192
11133 11157 22
11156 11181 24
11170 11192 148
11200 11232 181
11212 11226 274
11215 11223 293
11241 11256 222
11259 11278 234
11274 11275 254
11304 11342 245
11313 11360 261
11316 11343 7
11345 11354 153
11361 11392 149
11387 11403 77
11398 11411 94
11416 11442 127
11416 11432 34
11433 11483 215
11442 11446 238
11456 11487 99
11463 11489 247
11466 11478 292
11490 11491 77
11520 11538 69
11546 11587 88
11567 11605 101
11579 11586 112
11581 11592 3
11591 11620 24
11607 11614 121
11608 11653 217
11608 11619 264
11631 11639 242
11653 11667 264
11674 11721 70
11693 11723 227
11693 11738 130
11711 11737 168
11741 11755 125
11752 11757 240
11779 11781 266
11795 11823 56
11816 11844 262
11819 11844 258
11833 11873 52
11837 11859 161
11854 11882 290
11872 11914 107
11874 11912 43
11887 11922 235
11897 11902 2
11920 11933 109
11927 11958 299
11953 11957 290
11978 11986 54
11988 12024 210
12014 12019 50
12027 12070 294
12049 12085 152
12062 12073 295
12075 12111 137
12103 12134 113
12116 12154 28
12143 12188 166
12170 12195 158
12189 12219 98
12212 12219 269
12213 12237 190
12237 12271 192
12241 12268 90
12256 12282 205
12256 12271 243
12283 12288 7
12286 12333 219
12296 12306 271
12306 12328 34
12335 12373 247
12362 12370 134
12372 12389 44
12377 12409 182
12400 12402 200
12413 12425 285
12425 12429 205
12443 12490 176
12464 12514 283
12471 12484 2
12500 12550 202
12526 12540 222
12529 12564 138
12544 12560 283
12573 12614 155
12602 12623 85
12618 12649 202
12625 12637 186
12652 12655 181
12653 12672 77
12662 12695 38
12686 12697 171
12688 12711 58
12703 12736 249
12718 12759 133
12722 12769 98
12744 12792 14
12747 12764 64
12747 12797 277
12771 12791 288
12789 12805 14
12814 12826 87
12825 12829 198
12837 12878 279
12842 12875 124
12867 12911 98
12890 12905 79
12907 12925 219
12937 12951 226
12942 12960 239
12952 12988 103
12968 12970 78
12997 13017 261
13026 13056 159
13048 13093 191
13050 13053 76
13065 13084 224
13076 13101 66
13078 13092 27
13095 13103 194
13102 13143 226
13104 13149 179
13109 13153 150
13109 13132 175
13137 13180 155
13159 13201 61
13159 13160 188
13177 13201 101
13206 13231 279
13233 13267 274
13247 13296 287
13273 13299 72
13287 13305 173
13316 13317 216
13345 13369 219
13367 13412 116
13388 13418 112
13415 13421 168
13418 13460 102
13429 13430 102
13436 13463 74
13448 13470 271
13450 13482 291
13478 13503 213
13508 13526 207
13532 13582 196
13539 13555 5
13548 13556 27
13568 13614 280
13579 13601 202
13604 13641 75
13621 13632 52
13629 13671 147
13634 13653 129
13648 13666 268
13667 13671 173
13683 13731 282
13685 13694 208
13687 13695 241
13698 13733 248
13718 13746 119
13736 13761 214
13747 13765 133
13770 13793 268
13782 13804 289
13785 13786 201
13794 13831 28
13800 13848 211
13822 13852 156
13830 13869 44
13860 13880 66
13884 13910 200
13910 13919 296
13938 13974 159
13966 14000 120
13986 13994 181
13995 14005 122
14009 14047 23
14028 14033 259
14051 14063 47
14078 14087 131
14096 14116 166
14122 14166 133
14133 14183 105
14163 14175 125
14181 14205 288
14203 14222 45
14203 14251 37
14209 14259 209
14218 14235 83
14219 14247 243
14221 14233 242
14244 14285 26
14257 14283 278
14260 14291 112
14284 14316 33
14310 14356 130
14337 14377 217
14337 14353 261
14361 14407 286
14364 14377 81
14391 14421 242
14404 14421 102
14408 14424 65
14413 14461 154
14413 14443 222
14431 14468 46
14456 14465 160
14479 14526 26
14498 14518 51
14504 14533 121
14505 14525 254
14522 14563 48
14550 14596 85
14553 14576 288
14560 14575 90
14561 14566 207
14584 14607 242
14586 14627 231
14607 14622 26
14613 14651 31
14620 14628 297
14646 14685 276
14652 14685 165
14664 14678 18
14668 14716 76
14674 14705 94
14704 14740 66
14729 14741 122
14751 14778 10
14775 14788 165
14794 14839 145
14823 14836 112
14845 14889 102
14875 14924 225
14882 14914 196
14899 14922 225
14908 14935 149
14911 14957 211
14937 14974 54
14956 14966 161
14964 15009 116
14991 15003 195
15004 15036 257
15032 15052 165
15043 15088 271
15060 15071 153
15068 15079 11
15070 15083 293
