1000
15 47 73
18 68 255
30 52 201
37 50 273
40 42 64
58 59 143
72 84 229
75 115 128
87 95 110
93 111 68
119 149 144
132 181 33
156 179 105
175 182 300
180 185 152
186 219 122
196 214 39
219 231 34
243 272 282
249 271 117
267 289 142
271 312 118
293 309 219
301 304 85
322 332 290
328 342 259
347 362 199
367 373 164
381 410 185
398 444 52
398 410 72
420 459 51
435 441 179
436 447 276
457 481 261
469 483 74
482 516 47
503 547 205
531 569 5
538 582 112
540 544 193
565 594 290
573 583 9
581 595 3
592 611 210
619 654 89
642 660 179
668 674 170
691 725 85
721 724 113
744 745 212
763 767 2
770 789 189
770 772 262
776 797 232
792 794 230
817 830 200
836 883 198
850 852 193
854 897 239
865 893 116
883 901 117
883 910 46
886 894 142
890 900 28
910 935 281
918 960 227
937 980 18
956 981 283
986 1013 30
988 1002 186
1007 1023 271
1010 1048 259
1032 1066 182
1042 1092 262
1065 1110 93
1094 1132 235
1109 1139 101
1118 1121 179
1119 1142 141
1127 1131 254
1151 1186 253
1174 1223 178
1188 1230 264
1216 1227 158
1225 1229 94
1244 1247 239
1255 1264 111
1280 1327 277
1292 1304 120
1300 1302 268
1323 1353 237
1345 1380 75
1350 1357 124
1357 1397 290
1386 1393 200
1389 1407 178
1392 1413 144
1396 1418 299
1412 1423 296
1430 1467 24
1455 1484 268
1463 1492 27
1475 1517 180
1495 1521 76
1501 1505 115
1503 1504 70
1529 1558 54
1529 1568 56
1549 1582 29
1579 1607 80
1588 1600 112
1600 1603 20
1622 1647 254
1631 1678 96
1651 1689 167
1667 1680 71
1669 1706 190
1677 1690 66
1703 1730 225
1711 1727 193
1733 1758 52
1763 1790 46
1793 1808 81
1818 1825 35
1827 1850 283
1832 1880 34
1832 1863 205
1859 1894 171
1861 1886 284
1887 1932 198
1895 1939 257
1917 1960 270
1939 1987 68
1959 1996 300
1972 2022 10
1975 1979 191
1991 2040 270
1994 1996 249
2000 2041 217
2004 2044 122
2028 2051 145
2050 2097 190
2072 2099 257
2095 2105 98
2118 2168 8
2148 2172 221
2164 2207 170
2183 2232 177
2189 2229 74
2200 2226 98
2208 2215 257
2217 2242 40
2235 2263 98
2249 2275 255
2253 2277 70
2270 2271 153
2289 2332 120
2308 2344 222
2314 2322 95
2316 2350 156
2334 2356 233
2341 2380 115
2358 2406 204
2360 2383 300
2364 2406 263
2380 2402 33
2409 2454 41
2435 2437 166
2453 2498 169
2473 2508 148
2493 2509 60
2520 2568 123
2526 2553 241
2551 2599 176
2571 2604 157
2579 2628 192
2584 2630 169
2614 2632 150
2617 2667 288
2621 2656 82
2643 2683 159
2669 2688 138
2674 2716 298
2697 2724 193
2711 2725 262
2725 2755 68
2727 2773 243
2727 2771 253
2752 2800 269
2766 2795 167
2778 2793 219
2783 2799 117
2794 2811 146
2800 2831 40
2813 2852 232
2830 2853 32
2856 2901 281
2856 2885 8
2878 2879 116
2890 2940 147
2908 2921 222
2935 2943 141
2964 2998 168
2969 3001 215
2972 3016 157
2977 3012 3
3000 3011 281
3021 3042 189
3033 3048 28
3049 3084 172
3067 3092 33
3072 3121 287
3092 3115 4
3098 3119 258
3104 3143 281
3120 3157 136
3120 3149 102
3144 3185 105
3151 3168 286
3166 3173 97
3175 3180 127
3182 3193 26
3188 3228 255
3204 3233 104
3204 3213 288
3205 3215 110
3232 3247 297
3240 3269 174
3243 3282 40
3248 3284 279
3250 3285 66
3266 3292 50
3276 3319 133
3306 3321 93
3308 3329 48
3308 3324 280
3332 3371 256
3350 3356 281
3350 3367 223
3373 3386 276
3401 3444 145
3420 3444 189
3436 3448 139
3445 3455 60
3468 3482 294
3470 3479 292
3494 3505 82
3494 3543 210
3513 3549 161
3537 3558 182
3537 3569 275
3551 3563 240
3561 3586 281
3572 3616 208
3586 3589 34
3603 3623 269
3630 3655 237
3645 3647 278
3647 3675 42
3668 3701 58
3683 3713 78
3704 3731 146
3730 3747 287
3746 3779 21
3766 3770 237
3789 3824 274
3809 3818 5
3822 3839 176
3836 3880 90
3850 3876 88
3869 3880 60
3892 3919 79
3898 3929 232
3923 3952 44
3940 3978 181
3967 3994 201
3989 3998 187
4002 4048 253
4025 4062 108
4048 4060 206
4064 4071 210
4091 4114 246
4101 4123 298
4119 4126 15
4120 4125 126
4149 4156 175
4170 4174 286
4170 4177 242
4194 4195 124
4204 4246 65
4214 4232 249
4229 4267 122
4256 4288 263
4258 4287 231
4279 4300 66
4286 4315 190
4287 4304 19
4293 4311 4
4318 4355 131
4334 4344 262
4338 4367 82
4343 4379 55
4351 4383 155
4359 4396 157
4362 4372 201
4369 4403 178
4387 4434 276
4388 4416 72
4407 4447 274
4434 4480 183
4441 4484 59
4464 4494 86
4479 4506 236
4505 4514 73
4517 4525 5
4542 4549 299
4556 4584 14
4568 4580 259
4595 4630 70
4602 4627 96
4616 4665 276
4616 4654 238
4622 4636 162
4627 4633 135
4657 4665 243
4663 4700 72
4677 4710 114
4682 4701 13
4699 4702 169
4728 4748 168
4732 4771 207
4759 4800 56
4770 4814 162
4781 4795 219
4795 4815 211
4803 4836 154
4804 4824 171
4828 4835 265
4839 4888 10
4840 4873 266
4864 4867 110
4891 4894 71
4906 4917 212
4917 4943 107
4942 4971 246
4952 4988 121
4955 4998 281
4975 5005 38
4987 5005 254
5012 5023 53
5016 5052 281
5035 5049 136
5039 5046 166
5040 5073 71
5047 5088 1
5077 5109 297
5100 5140 195
5115 5131 277
5121 5139 284
5123 5143 33
5150 5164 278
5170 5186 189
5181 5197 103
5189 5228 255
5191 5216 161
5209 5246 105
5233 5259 30
5245 5284 4
5274 5320 22
5300 5302 121
5303 5319 101
5313 5338 36
5317 5350 108
5321 5352 131
5340 5370 198
5347 5352 216
5362 5375 236
5377 5398 152
5397 5427 245
5425 5472 34
5440 5451 177
5461 5505 115
5482 5488 31
5482 5507 277
5482 5529 272
5496 5536 96
5506 5555 117
5517 5552 32
5532 5542 121
5537 5549 72
5539 5546 34
5542 5577 238
5564 5567 231
5588 5593 23
5599 5622 137
5606 5640 26
5609 5612 122
5630 5677 197
5651 5677 71
5679 5721 84
5704 5732 300
5712 5753 80
5740 5786 29
5751 5753 1
5779 5806 187
5784 5813 143
5802 5844 65
5831 5851 99
5855 5876 21
5883 5887 126
5910 5915 190
5937 5979 186
5948 5996 81
5957 5978 71
5977 5991 98
5991 6003 84
6021 6042 161
6040 6059 182
6041 6085 27
6070 6113 159
6091 6116 210
6100 6103 273
6118 6129 42
6128 6173 169
6131 6158 202
6141 6176 250
6143 6145 246
6170 6172 24
6186 6230 165
6187 6232 1
6206 6220 176
6226 6269 187
6251 6265 289
6258 6278 12
6287 6296 167
6292 6308 119
6307 6338 247
6313 6315 62
6325 6327 44
6343 6391 180
6356 6400 243
6384 6434 268
6397 6408 27
6412 6443 237
6422 6442 201
6445 6492 286
6469 6513 182
6469 6502 272
6493 6535 149
6508 6519 138
6529 6566 249
6535 6567 236
6559 6600 149
6561 6608 74
6586 6626 112
6604 6637 177
6623 6673 260
6625 6664 2
6634 6639 17
6656 6659 126
6684 6689 149
6698 6699 91
6702 6744 215
6727 6739 171
6747 6755 189
6760 6773 93
6782 6809 133
6806 6813 18
6833 6876 255
6861 6864 177
6867 6913 8
6890 6921 223
6890 6892 202
6896 6912 102
6905 6911 41
6931 6964 86
6959 6967 96
6988 6992 134
7011 7046 259
7014 7019 182
7041 7083 245
7071 7076 14
7085 7111 147
7098 7123 236
7100 7125 36
7128 7173 174
7140 7141 191
7143 7189 90
7155 7169 64
7182 7184 277
7187 7218 9
7201 7247 56
7206 7254 152
7221 7230 162
7222 7247 191
7248 7270 144
7254 7280 23
7277 7288 146
7302 7327 108
7308 7358 142
7319 7341 106
7349 7360 134
7370 7412 80
7386 7417 153
7391 7419 160
7409 7424 51
7416 7438 200
7436 7479 271
7436 7482 94
7463 7499 264
7484 7506 37
7504 7526 252
7507 7523 115
7519 7525 226
7549 7597 280
7563 7576 12
7582 7622 38
7587 7611 258
7595 7608 45
7610 7633 171
7640 7651 197
7668 7714 52
7694 7704 279
7705 7749 159
7718 7765 57
7727 7739 295
7741 7752 110
7760 7766 216
7767 7813 130
7776 7799 28
7805 7851 12
7835 7860 285
7859 7878 201
7880 7889 51
7890 7912 126
7913 7927 185
7941 7955 107
7947 7948 70
7956 7986 37
7968 7973 216
7983 7995 246
8006 8013 213
8008 8010 162
8027 8032 108
8036 8046 278
8041 8055 191
8046 8075 45
8047 8076 292
8051 8068 136
8072 8092 160
8077 8092 64
8103 8134 186
8121 8129 141
8138 8143 295
8165 8185 184
8165 8212 259
8186 8202 92
8192 8196 37
8206 8240 59
8209 8253 40
8234 8239 225
8248 8295 233
8256 8270 1
8271 8273 105
8282 8308 152
8303 8316 37
8325 8373 129
8352 8392 200
8379 8382 66
8392 8429 130
8418 8468 198
8448 8491 68
8462 8482 230
8474 8482 183
8493 8504 58
8500 8502 236
8510 8552 153
8534 8545 149
8553 8561 217
8568 8579 253
8571 8615 10
8582 8584 226
8582 8606 77
8596 8624 24
8611 8635 276
8613 8616 273
8629 8660 185
8649 8690 173
8670 8683 86
8676 8701 43
8691 8723 215
8721 8767 269
8736 8745 210
8752 8773 285
8761 8764 259
8764 8781 242
8767 8778 259
8790 8819 46
8811 8823 205
8830 8833 170
8830 8842 190
8836 8849 271
8854 8884 96
8882 8896 249
8912 8918 218
8931 8961 112
8947 8960 6
8962 8977 59
8981 9025 35
9009 9033 145
9010 9048 214
9015 9020 42
9018 9028 273
9028 9065 288
9031 9057 237
9031 9060 146
9056 9083 189
9073 9109 266
9084 9110 40
9087 9110 35
9117 9124 283
9134 9164 68
9154 9189 157
9171 9203 81
9180 9198 152
9208 9249 154
9214 9258 261
9216 9229 189
9218 9221 112
9219 9233 41
9222 9246 156
9242 9288 118
9253 9301 17
9281 9291 24
9291 9302 112
9307 9318 190
9337 9352 134
9364 9408 155
9387 9417 41
9404 9453 150
9405 9407 157
9406 9427 119
9418 9422 249
9443 9469 217
9471 9484 29
9496 9521 115
9496 9544 266
9513 9556 260
9525 9548 238
9537 9565 283
9550 9596 66
9554 9574 150
9572 9579 107
9591 9634 136
9591 9597 99
9600 9645 14
9604 9650 17
9606 9620 295
9628 9677 299
9647 9668 257
9671 9705 116
9688 9718 56
9707 9708 179
9724 9768 151
9732 9762 23
9733 9756 217
9746 9780 122
9776 9801 244
9793 9817 284
9809 9810 251
9836 9855 262
9843 9869 15
9864 9913 15
9891 9937 175
9897 9944 23
9912 9938 32
9914 9946 286
9936 9949 293
9951 9980 163
9970 9985 53
9973 9992 274
9978 9995 46
9993 10022 241
10016 10040 47
10045 10055 178
10074 10082 26
10075 10098 217
10079 10115 12
10108 10124 41
10135 10137 83
10146 10165 295
10146 10180 13
10166 10194 26
10196 10215 188
10204 10228 201
10211 10253 155
10214 10216 102
10238 10285 240
10240 10290 267
10270 10304 269
10285 10325 166
10287 10314 186
10301 10333 29
10310 10360 187
10333 10341 70
10336 10368 253
10365 10387 78
10383 10386 106
10397 10424 83
10427 10440 63
10434 10441 227
10442 10490 5
10455 10471 117
10460 10463 99
10484 10519 158
10495 10542 85
10513 10539 248
10516 10528 35
10523 10535 267
10528 10553 35
10550 10587 103
10575 10616 9
10577 10592 36
10590 10630 177
10598 10602 211
10603 10614 78
10620 10623 95
10627 10663 25
10657 10674 141
10673 10714 72
10680 10716 162
10708 10739 162
10736 10782 130
10737 10777 13
10737 10762 272
10746 10786 84
10770 10802 128
10786 10804 68
10798 10804 96
10818 10824 198
10820 10864 274
10842 10855 51
10860 10903 108
10867 10914 256
10869 10909 169
10873 10917 202
10883 10921 273
10902 10941 296
10908 10916 259
10916 10951 228
10940 10966 182
10959 10978 128
10976 10978 113
11001 11024 31
11021 11070 34
11039 11070 252
11049 11076 1
11067 11111 284
11075 11089 127
11092 11115 175
11120 11129 172
11137 11169 262
11141 11144 221
11168 11191 24
11168 11205 29
11185 11195 13
11191 11210 241
11200 11240 76
11228 11268 1
11250 11265 8
11251 11252 47
11276 11301 175
11290 11307 214
11303 11308 39
11319 11335 217
11319 11325 124
11335 11343 265
11359 11360 202
11378 11404 248
11393 11430 11
11413 11440 144
11441 11482 245
11471 11479 212
11484 11514 68
11512 11513 20
11516 11521 31
11543 11579 52
11543 11565 265
11558 11569 66
11575 11581 291
11599 11612 225
11624 11626 134
11629 11632 198
11651 11693 193
11670 11716 233
11672 11693 126
11689 11693 119
11704 11719 69
11712 11757 62
11735 11747 255
11750 11780 163
11767 11796 95
11792 11796 5
11803 11834 114
11803 11805 69
11824 11832 194
11829 11830 241
11836 11842 42
11841 11888 247
11867 11906 244
11893 11920 249
11895 11927 252
11913 11960 38
11916 11947 165
11918 11944 290
11937 11952 53
11967 11981 117
11984 12005 168
12010 12034 153
12036 12082 234
12051 12064 201
12080 12127 16
12093 12135 169
12118 12161 86
12139 12167 153
12140 12180 127
12164 12168 193
12169 12180 266
12192 12228 20
12206 12239 249
12212 12214 169
12220 12245 219
12247 12280 46
12255 12260 22
12263 12282 262
12269 12307 141
12292 12298 36
12299 12339 110
12311 12343 263
12330 12367 277
12330 12342 44
12348 12397 187
12377 12424 37
12403 12435 200
12408 12444 204
12419 12452 172
12444 12456 234
12446 12465 111
12446 12490 277
12469 12508 104
12482 12521 168
12494 12536 287
12522 12551 69
12544 12559 284
12568 12598 274
12590 12614 111
12595 12624 273
12595 12641 19
12600 12622 228
12610 12654 201
12632 12678 206
12640 12687 68
12650 12678 238
12676 12718 247
12683 12725 239
12691 12715 170
12706 12714 252
12709 12756 290
12715 12761 149
12720 12763 127
12733 12766 150
12735 12755 231
12764 12802 33
12777 12808 293
12781 12791 47
12785 12834 216
12790 12833 64
12793 12823 151
12813 12822 242
12822 12866 192
12846 12877 280
12859 12902 35
12871 12895 232
12882 12913 254
12902 12941 209
12920 12933 187
12926 12932 235
12949 12975 213
12971 13008 94
12973 13004 23
12983 13004 101
12994 13003 138
12999 13014 191
13018 13039 213
13047 13077 163
13077 13114 287
13078 13110 139
13082 13099 90
13085 13114 293
13104 13131 33
13104 13150 279
13125 13139 189
13150 13185 26
13167 13213 202
13191 13236 290
13199 13243 152
13226 13232 162
13226 13263 63
13239 13254 125
13248 13273 142
13259 13263 23
13272 13306 79
13277 13279 61
13293 13298 181
13315 13356 71
13325 13362 114
13341 13357 13
13364 13390 242
13371 13372 179
13381 13414 262
13389 13437 145
13392 13423 205
13398 13445 155
13424 13473 4
13453 13460 146
13470 13501 188
13494 13523 43
13513 13530 265
13526 13549 269
13534 13537 216
13536 13558 140
13557 13600 113
13567 13571 274
13585 13604 9
13588 13631 268
13618 13620 212
13631 13675 271
13650 13689 84
13664 13670 181
13678 13682 37
13695 13729 225
13698 13701 166
13710 13739 208
13733 13758 84
13756 13766 15
13764 13765 152
13784 13806 185
13794 13834 167
13823 13855 68
13835 13840 298
13846 13860 256
13876 13900 146
13883 13887 293
13907 13927 284
13913 13917 19
13939 13966 281
13943 13984 97
13969 13994 71
13975 14000 212
13981 13985 239
13986 14028 88
14012 14037 125
14033 14055 186
14048 14083 212
14074 14118 75
14101 14127 33
14105 14135 299
14117 14142 145
14132 14160 284
14138 14140 14
14150 14193 297
14179 14222 12
14199 14243 87
14210 14249 283
14231 14279 44
14257 14293 297
14265 14292 81
14290 14325 298
14295 14307 34
14301 14319 132
14304 14322 215
14330 14377 265
14336 14349 135
14359 14387 148
14377 14417 154
14398 14420 28
14410 14456 48
14440 14471 279
14466 14508 33
14485 14504 9
14511 14528 264
14523 14527 260
14532 14577 268
14537 14564 142
14546 14586 170
14547 14573 104
14551 14595 16
14559 14566 195
14588 14597 160
