1000
6 30 131
22 40 136
36 68 89
55 83 1
77 91 35
85 95 168
113 163 105
143 168 60
146 182 95
171 183 88
186 196 25
197 213 97
197 228 125
211 223 139
241 271 94
254 302 15
281 297 165
285 323 138
292 301 197
305 306 293
317 342 293
335 345 36
346 358 207
367 392 177
385 421 267
387 423 188
391 430 171
415 436 86
422 450 271
426 466 224
441 482 161
470 492 200
476 508 12
504 525 155
515 528 158
545 554 268
575 593 116
601 622 38
623 624 119
627 632 109
644 672 1
664 695 35
685 713 201
709 722 168
735 761 155
736 738 283
740 772 111
760 781 266
774 813 173
785 822 74
815 825 68
845 887 44
862 891 23
864 911 279
881 891 244
887 925 251
890 927 198
920 948 148
947 991 121
950 998 72
958 986 61
961 982 110
985 991 84
992 1018 234
993 997 182
1005 1046 26
1035 1039 108
1059 1072 103
1076 1106 44
1094 1108 227
1111 1158 207
1120 1123 220
1136 1185 248
1159 1170 269
1182 1198 52
1188 1202 107
1189 1213 102
1203 1236 228
1203 1243 23
1223 1244 36
1252 1285 162
1253 1294 81
1260 1268 4
1280 1312 159
1291 1296 99
1314 1345 211
1344 1374 261
1359 1379 10
1378 1405 241
1397 1447 67
1412 1436 278
1441 1488 152
1441 1488 30
1458 1493 84
1481 1495 299
1492 1539 5
1520 1524 236
1537 1575 154
1558 1568 88
1587 1614 76
1605 1627 160
1632 1657 251
1656 1677 297
1686 1704 139
1713 1743 178
1733 1747 137
1740 1770 286
1766 1814 268
1793 1819 61
1810 1854 6
1822 1869 261
1845 1886 258
1848 1891 102
1857 1893 112
1869 1896 87
1886 1901 198
1893 1917 67
1895 1943 262
1900 1917 72
1926 1929 287
1954 1971 129
1972 2010 48
1976 1981 226
2000 2044 250
2003 2034 210
2003 2008 62
2005 2026 70
2027 2059 226
2050 2053 277
2051 2052 214
2068 2076 121
2077 2125 287
2098 2114 114
2128 2171 216
2157 2160 100
2164 2189 142
2191 2209 51
2201 2211 250
2204 2232 139
2231 2234 4
2250 2255 210
2262 2286 141
2268 2280 86
2293 2333 95
2313 2325 224
2331 2372 195
2357 2393 258
2369 2395 69
2377 2382 180
2395 2438 269
2397 2418 199
2418 2431 246
2441 2479 89
2460 2503 249
2462 2494 278
2479 2502 187
2508 2552 90
2519 2531 17
2530 2533 169
2533 2538 178
2556 2600 18
2563 2603 249
2588 2635 197
2600 2606 195
2611 2651 280
2629 2643 192
2653 2666 91
2677 2679 280
2681 2696 218
2687 2714 77
2710 2740 260
2713 2763 259
2741 2746 111
2767 2816 128
2795 2836 90
2796 2802 3
2797 2818 171
2819 2839 14
2831 2881 203
2854 2893 98
2872 2902 285
2891 2919 21
2901 2912 122
2919 2964 126
2945 2947 257
2969 2991 201
2997 3023 163
3009 3049 273
3015 3050 235
3034 3042 202
3063 3084 24
3070 3073 251
3076 3112 164
3106 3117 7
3131 3173 137
3133 3159 23
3142 3163 145
3149 3171 126
3154 3169 194
3168 3205 157
3186 3205 105
3210 3225 281
3212 3231 240
3219 3239 76
3228 3266 116
3238 3252 145
3247 3270 266
3257 3286 152
3259 3293 234
3276 3294 164
3283 3295 143
3290 3302 220
3291 3334 298
3314 3346 143
3328 3352 98
3358 3382 148
3362 3394 46
3376 3411 115
3393 3406 197
3419 3420 27
3445 3460 195
3449 3460 13
3460 3473 246
3487 3497 259
3490 3507 279
3498 3526 220
3521 3548 166
3542 3588 92
3561 3583 213
3579 3585 57
3587 3622 283
3614 3622 137
3620 3639 57
3641 3666 100
3662 3691 149
3691 3693 132
3701 3740 285
3704 3729 156
3711 3737 122
3721 3727 292
3732 3734 178
3735 3744 245
3762 3803 102
3774 3779 200
3801 3827 225
3818 3834 68
3833 3842 273
3855 3884 26
3862 3896 3
3871 3906 168
3887 3907 53
3914 3919 282
3942 3951 80
3967 4007 297
3994 4040 139
4022 4039 22
4043 4072 216
4066 4074 78
4082 4124 62
4094 4105 21
4114 4151 45
4136 4167 146
4156 4197 23
4169 4181 271
4175 4183 17
4183 4226 294
4205 4222 134
4228 4233 175
4244 4252 36
4256 4304 300
4277 4287 241
4298 4304 154
4319 4324 76
4347 4382 111
4352 4371 140
4361 4386 34
4364 4373 247
4370 4378 191
4390 4404 287
4404 4438 131
4426 4463 156
4432 4467 197
4437 4465 185
4458 4496 128
4461 4510 57
4462 4493 84
4484 4524 257
4484 4500 210
4509 4557 281
4537 4561 247
4556 4599 199
4572 4593 109
4593 4595 99
4599 4617 67
4602 4650 202
4616 4643 17
4621 4639 75
4628 4659 262
4640 4688 78
4646 4671 63
4648 4665 152
4660 4664 50
4675 4714 115
4675 4680 1
4685 4704 108
4700 4734 113
4711 4750 129
4719 4733 169
4739 4763 31
4742 4745 16
4754 4777 199
4759 4775 291
4773 4802 93
4781 4797 249
4791 4802 288
4791 4800 135
4813 4851 199
4822 4840 43
4827 4856 247
4842 4867 288
4850 4877 87
4858 4872 3
4885 4933 15
4906 4908 280
4912 4924 106
4913 4934 151
4932 4939 240
4935 4964 297
4946 4972 139
4976 5004 140
4989 5019 232
5016 5026 106
5036 5042 173
5055 5094 24
5085 5097 220
5106 5108 134
5112 5133 85
5137 5183 207
5150 5163 299
5178 5182 283
5179 5204 41
5187 5209 181
5204 5231 132
5217 5260 39
5217 5240 59
5225 5261 223
5225 5250 35
5239 5242 162
5242 5278 149
5270 5274 108
5272 5275 148
5287 5312 160
5306 5326 57
5325 5338 225
5336 5340 163
5350 5386 269
5380 5428 111
5385 5408 70
5414 5418 12
5427 5430 77
5451 5492 220
5458 5477 191
5462 5472 22
5481 5513 198
5483 5509 298
5511 5528 134
5537 5550 292
5554 5578 163
5556 5560 17
5573 5590 28
5602 5649 289
5631 5671 50
5648 5695 110
5671 5675 11
5699 5719 219
5723 5726 150
5730 5740 174
5744 5773 278
5746 5759 46
5746 5773 260
5768 5814 188
5795 5820 247
5796 5843 271
5814 5843 243
5822 5857 23
5852 5901 132
5860 5908 290
5863 5881 263
5887 5928 142
5915 5961 67
5924 5950 292
5936 5949 137
5955 5982 259
5981 5986 83
5983 6018 277
6007 6048 164
6009 6033 249
6017 6048 261
6037 6056 166
6054 6059 175
6083 6125 5
6108 6114 161
6127 6151 101
6150 6196 140
6172 6218 149
6174 6194 12
6186 6224 270
6189 6225 149
6203 6233 84
6204 6225 214
6209 6219 210
6211 6212 163
6216 6255 206
6237 6271 51
6250 6261 20
6271 6320 273
6300 6336 133
6307 6336 143
6316 6335 22
6341 6349 48
6370 6403 274
6396 6434 27
6406 6453 61
6430 6469 140
6451 6456 170
6454 6475 130
6482 6502 29
6493 6506 210
6518 6529 32
6548 6561 32
6571 6606 196
6583 6585 282
6593 6611 179
6601 6645 296
6609 6625 145
6616 6637 82
6645 6669 49
6654 6676 272
6679 6727 60
6683 6712 179
6702 6721 128
6717 6759 125
6740 6784 138
6745 6774 264
6745 6764 44
6758 6779 9
6777 6795 115
6795 6832 146
6812 6818 14
6828 6860 85
6843 6867 11
6872 6902 199
6887 6906 143
6898 6933 254
6923 6934 143
6935 6969 43
6958 6963 243
6963 6992 122
6975 6996 262
7004 7026 58
7022 7044 247
7051 7092 31
7070 7081 68
7074 7099 232
7103 7149 217
7107 7150 266
7132 7171 179
7156 7187 176
7176 7222 125
7177 7218 298
7183 7201 198
7204 7247 220
7231 7247 78
7239 7241 259
7242 7277 89
7258 7283 257
7265 7304 145
7265 7308 235
7271 7289 211
7299 7303 298
7319 7353 236
7345 7390 246
7370 7397 147
7389 7431 247
7398 7413 108
7413 7454 280
7441 7481 291
7460 7489 40
7490 7540 69
7498 7499 89
7522 7533 96
7542 7549 258
7548 7561 196
7561 7601 279
7591 7625 126
7594 7633 55
7614 7653 252
7637 7684 250
7639 7687 174
7653 7654 6
7668 7673 58
7691 7719 138
7710 7746 64
7715 7748 147
7728 7742 172
7732 7766 116
7740 7742 211
7748 7754 277
7760 7784 107
7787 7795 132
7804 7837 287
7823 7838 143
7844 7884 213
7848 7872 210
7849 7899 87
7877 7904 23
7900 7928 15
7919 7964 245
7939 7981 181
7969 8018 115
7969 8001 290
7988 7996 36
7992 8028 238
8004 8009 158
8023 8026 106
8051 8097 261
8066 8113 267
8072 8122 177
8086 8105 49
8115 8144 279
8142 8171 67
8160 8191 276
8175 8193 206
8197 8201 271
8211 8219 153
8239 8245 159
8258 8305 278
8265 8269 218
8275 8297 143
8279 8303 13
8295 8330 250
8325 8372 234
8353 8402 67
8370 8404 285
8387 8414 26
8412 8443 198
8422 8439 19
8452 8495 146
8463 8469 129
8486 8491 156
8501 8537 205
8523 8524 88
8548 8569 115
8572 8575 182
8602 8633 224
8607 8628 264
8609 8614 35
8635 8662 180
8640 8673 134
8645 8690 151
8675 8711 72
8686 8710 61
8697 8708 99
8723 8741 143
8738 8762 282
8749 8761 283
8751 8760 17
8755 8769 82
8778 8782 153
8790 8814 239
8804 8823 100
8816 8849 115
8828 8875 166
8855 8894 67
8866 8878 102
8887 8928 282
8911 8925 75
8912 8913 80
8936 8941 220
8943 8979 23
8943 8982 100
8953 8983 228
8964 9001 56
8972 8982 238
8986 9018 44
9007 9031 138
9008 9058 240
9027 9069 86
9031 9062 12
9048 9065 247
9058 9072 108
9079 9123 175
9102 9118 28
9107 9145 157
9109 9134 142
9127 9130 274
9140 9184 171
9142 9147 143
9148 9167 83
9152 9175 146
9172 9180 198
9180 9209 95
9187 9189 204
9215 9239 202
9239 9252 166
9257 9275 146
9271 9296 202
9289 9329 109
9316 9360 13
9317 9342 23
9336 9361 196
9345 9355 173
9363 9381 35
9370 9394 2
9395 9437 37
9396 9418 30
9420 9466 267
9424 9463 73
9428 9442 274
9444 9468 182
9468 9476 117
9479 9524 32
9508 9518 201
9513 9530 206
9521 9551 243
9533 9577 137
9548 9569 35
9564 9572 276
9576 9621 194
9594 9623 91
9601 9616 113
9621 9666 238
9639 9663 264
9655 9664 230
9659 9706 90
9683 9732 89
9712 9731 257
9725 9774 219
9729 9759 273
9753 9774 210
9775 9789 98
9778 9791 161
9783 9821 258
9808 9822 224
9838 9883 89
9866 9869 163
9881 9925 127
9884 9916 84
9890 9891 285
9903 9907 105
9929 9962 132
9953 9999 269
9968 10010 147
9998 10032 238
10025 10041 33
10038 10048 8
10061 10088 159
10083 10086 89
10111 10156 233
10130 10144 149
10130 10152 278
10146 10186 270
10161 10187 260
10175 10192 139
10180 10188 6
10187 10213 53
10201 10244 255
10223 10265 80
10246 10284 285
10250 10278 262
10276 10307 193
10297 10312 247
10297 10344 235
10299 10316 216
10309 10353 31
10311 10354 296
10326 10345 66
10351 10391 251
10360 10362 259
10383 10431 270
10410 10457 83
10435 10452 110
10459 10507 217
10472 10495 158
10496 10543 7
10517 10565 287
10526 10548 294
10550 10566 147
10566 10570 186
10596 10639 95
10615 10642 165
10633 10683 162
10653 10701 164
10664 10669 214
10683 10732 276
10686 10707 17
10702 10723 99
10718 10738 255
10725 10741 127
10745 10761 134
10751 10798 34
10778 10800 16
10779 10809 76
10792 10806 72
10807 10848 18
10824 10831 70
10852 10877 99
10856 10868 185
10885 10905 121
10897 10945 41
10917 10940 195
10933 10970 267
10962 10986 275
10986 11000 176
11008 11038 43
11034 11048 152
11048 11069 103
11074 11110 241
11088 11137 141
11109 11125 102
11118 11137 199
11133 11152 165
11159 11207 138
11161 11175 137
11174 11196 90
11198 11224 174
11218 11267 117
11243 11253 246
11252 11269 131
11271 11300 279
11297 11343 277
11318 11349 269
11334 11345 12
11360 11379 207
11377 11402 158
11382 11388 112
11399 11443 152
11413 11426 180
11431 11454 85
11436 11448 91
11448 11454 160
11473 11499 289
11481 11498 112
11484 11518 143
11504 11524 155
11505 11555 279
11517 11534 295
11544 11592 233
11545 11592 245
11552 11562 240
11568 11612 172
11590 11626 208
11620 11661 246
11630 11672 149
11658 11686 89
11682 11687 69
11709 11748 262
11727 11738 13
11735 11766 186
11745 11764 72
11755 11785 191
11758 11763 44
11759 11778 53
11782 11810 141
11792 11827 238
11818 11820 224
11835 11852 142
11844 11853 296
11870 11897 222
11893 11920 101
11893 11921 25
11893 11895 64
11903 11909 98
11920 11955 135
11938 11960 159
11955 11987 203
11982 12002 239
11987 12035 60
11995 12039 77
12018 12061 80
12039 12080 215
12066 12070 197
12071 12089 283
12074 12118 288
12084 12130 86
12090 12120 56
12098 12141 69
12126 12173 158
12133 12167 49
12153 12154 22
12168 12190 58
12181 12206 248
12198 12236 159
12227 12254 193
12236 12255 278
12260 12275 78
12280 12319 87
12297 12324 22
12312 12326 170
12333 12358 57
12361 12398 284
12377 12406 169
12379 12397 57
12384 12410 44
12395 12429 182
12409 12443 171
12431 12464 74
12441 12481 35
12459 12492 256
12482 12498 288
12486 12508 281
12498 12505 42
12501 12506 295
12517 12556 72
12542 12577 215
12571 12575 294
12587 12621 91
12598 12613 80
12622 12646 138
12642 12668 181
12645 12669 62
12652 12686 160
12682 12707 84
12682 12727 175
12698 12724 220
12698 12710 192
12710 12712 78
12725 12729 208
12755 12793 215
12756 12777 32
12766 12774 24
12796 12838 274
12810 12858 159
12820 12833 7
12846 12847 60
12859 12899 67
12886 12912 250
12911 12938 186
12936 12938 207
12950 12990 161
12967 12986 292
12988 13032 294
13017 13061 158
13020 13063 41
13021 13035 56
13047 13082 280
13077 13090 20
13085 13135 185
13114 13151 183
13140 13143 251
13154 13203 259
13180 13191 39
13196 13223 52
13213 13234 206
13241 13247 241
13253 13282 45
13274 13279 22
13285 13300 128
13308 13347 172
13324 13361 208
13347 13394 265
13372 13412 18
13376 13381 65
13403 13406 86
13407 13449 260
13431 13481 80
13433 13439 289
13455 13460 160
13469 13489 184
13491 13530 106
13512 13548 9
13522 13543 251
13533 13555 202
13549 13568 159
13579 13609 272
13592 13608 87
13606 13608 25
13616 13657 182
13618 13619 237
13648 13694 119
13653 13656 153
13680 13694 207
13680 13715 154
13708 13723 275
13730 13775 289
13760 13796 232
13779 13802 39
13787 13802 112
13788 13830 13
13800 13850 2
13825 13870 260
13831 13865 100
13860 13881 53
13860 13899 196
13880 13885 261
13899 13903 257
13921 13953 60
13928 13958 71
13934 13971 88
13961 14011 264
13967 13980 81
13997 14033 224
14023 14027 226
14032 14043 78
14032 14074 201
14056 14097 295
14070 14098 92
14083 14092 140
14086 14125 31
14111 14136 168
14134 14147 143
14152 14165 29
14162 14166 130
14179 14197 221
14182 14226 283
14205 14234 39
14235 14257 171
14240 14254 171
14240 14282 182
14244 14258 67
14258 14287 219
14273 14275 10
14284 14300 118
14307 14333 94
14320 14328 147
14326 14368 93
14351 14384 57
14375 14418 65
14384 14388 242
14399 14441 263
14408 14416 31
14428 14474 41
14438 14439 87
14444 14474 14
14470 14515 170
14480 14511 59
14480 14497 41
14500 14524 267
14528 14571 107
14545 14576 201
14568 14602 158
14585 14619 136
14598 14618 92
14610 14659 194
14611 14649 235
14632 14653 169
14659 14674 31
14689 14715 292
14691 14731 241
14700 14729 149
14707 14757 155
14711 14726 110
14717 14733 184
14745 14780 11
14761 14794 158
14779 14792 253
14779 14814 12
14797 14822 232
14817 14845 133
14823 14843 295
14853 14876 265
14860 14866 278
14862 14890 49
14888 14895 259
14901 14929 154
14927 14965 131
14950 14983 173
14955 14996 288
14984 15030 121
15004 15012 247
15019 15028 260
15028 15068 117
15054 15091 159
15058 15097 99
15085 15093 158
15106 15148 120
15125 15171 130
15155 15162 254
15181 15227 120
15206 15209 20
15235 15249 233
15262 15294 300
15274 15282 135
15304 15323 44
15327 15338 83
15357 15370 211
15370 15419 199
15384 15396 136
15385 15425 179
15397 15414 138
15409 15443 115
15410 15422 145
15420 15452 260
15443 15484 153
15459 15493 31
15489 15530 156
15501 15520 37
15526 15572 234
15529 15566 201
15538 15583 94
