1000
26 46 286
44 84 163
57 95 223
61 88 165
85 88 286
90 126 212
99 123 233
123 154 166
150 180 24
165 170 32
176 226 19
191 239 66
193 218 183
194 196 30
209 243 213
213 262 100
214 236 211
228 237 87
251 274 50
281 325 34
299 326 135
324 343 89
325 366 75
337 385 189
361 398 118
374 410 274
404 425 179
409 454 187
433 478 233
458 465 288
478 526 107
505 529 175
513 523 168
525 546 62
545 562 119
556 604 247
556 593 237
571 608 138
601 616 109
611 648 151
622 655 23
626 647 152
638 667 251
654 680 286
673 694 172
701 750 130
720 750 284
745 760 131
752 792 176
764 768 292
786 813 155
805 828 109
834 851 48
846 851 131
864 870 41
884 929 7
905 926 166
929 933 208
944 984 205
951 997 253
974 1013 148
984 1018 127
1014 1022 54
1036 1060 112
1039 1076 146
1039 1066 25
1043 1077 38
1066 1089 48
1083 1128 276
1092 1121 104
1100 1111 284
1112 1157 50
1141 1161 110
1141 1147 12
1143 1147 90
1144 1181 105
1164 1170 238
1187 1233 212
1192 1242 80
1204 1253 266
1215 1240 77
1240 1264 149
1269 1317 193
1299 1325 253
1311 1355 213
1329 1345 31
1335 1361 36
1351 1388 293
1356 1376 166
1365 1370 26
1375 1418 115
1387 1427 57
1395 1425 162
1409 1443 146
1424 1466 135
1453 1494 177
1467 1499 199
1495 1514 163
1520 1532 53
1527 1543 4
1555 1561 122
1555 1605 241
1582 1586 239
1588 1592 247
1608 1641 229
1625 1660 249
1640 1662 181
1661 1687 14
1687 1725 2
1698 1705 45
1716 1746 152
1739 1759 157
1756 1791 248
1777 1820 173
1790 1822 180
1796 1807 171
1813 1835 285
1826 1848 256
1826 1871 70
1831 1859 6
1835 1842 250
1840 1851 239
1857 1865 282
1858 1880 262
1869 1873 50
1885 1927 54
1888 1906 239
1907 1944 86
1907 1911 222
1933 1945 285
1959 1987 240
1963 2012 39
1991 2035 148
1993 2012 40
2004 2031 140
2016 2017 60
2041 2064 109
2057 2100 234
2077 2097 283
2101 2119 147
2128 2159 181
2146 2167 155
2167 2196 282
2183 2213 149
2185 2216 111
2208 2224 289
2232 2253 9
2260 2298 265
2285 2328 94
2303 2317 80
2333 2359 60
2353 2380 140
2379 2402 78
2404 2405 200
2407 2449 204
2437 2479 165
2448 2484 81
2455 2462 8
2464 2500 78
2469 2515 171
2483 2498 208
2484 2485 167
2500 2522 254
2519 2525 137
2541 2575 296
2561 2606 66
2588 2596 251
2604 2621 212
2624 2654 8
2640 2674 296
2670 2690 120
2672 2706 221
2697 2721 296
2720 2765 200
2750 2775 91
2754 2778 55
2755 2805 211
2769 2794 171
2788 2837 97
2809 2819 121
2836 2886 59
2851 2892 41
2854 2864 87
2873 2890 9
2890 2901 286
2908 2940 106
2915 2965 74
2917 2954 119
2936 2937 191
2956 2982 66
2986 3015 72
2993 3012 164
3014 3061 138
3019 3061 215
3037 3065 40
3056 3077 60
3069 3097 300
3094 3116 136
3095 3145 300
3110 3122 158
3119 3137 138
3148 3175 84
3160 3184 98
3160 3180 101
3163 3184 22
3175 3208 129
3203 3237 116
3220 3265 288
3240 3285 65
3267 3306 28
3276 3305 121
3281 3331 274
3289 3335 208
3295 3324 216
3320 3329 205
3333 3368 282
3343 3386 244
3355 3357 240
3356 3371 116
3378 3388 277
3405 3415 289
3430 3476 105
3438 3465 294
3447 3494 153
3455 3495 61
3472 3479 218
3479 3491 191
3482 3532 143
3504 3550 64
3524 3552 117
3553 3600 146
3568 3616 215
3582 3609 21
3590 3620 75
3611 3627 146
3612 3656 127
3628 3651 130
3632 3679 89
3661 3683 12
3670 3712 158
3684 3714 271
3713 3749 152
3730 3755 148
3741 3779 274
3749 3772 59
3779 3801 198
3804 3841 2
3829 3864 242
3839 3872 162
3843 3858 39
3868 3900 297
3883 3896 235
3906 3918 54
3928 3949 84
3948 3975 152
3959 3963 300
3970 3997 6
3981 3995 203
3990 4012 296
3991 4004 52
4015 4027 297
4040 4088 137
4060 4096 103
4087 4133 278
4101 4132 99
4122 4148 176
4131 4132 294
4139 4170 175
4168 4179 296
4179 4220 258
4179 4201 297
4188 4230 152
4191 4233 269
4203 4226 56
4209 4235 168
4219 4222 203
4233 4263 64
4244 4277 151
4257 4270 109
4277 4298 271
4291 4334 232
4320 4342 109
4343 4351 66
4343 4363 250
4343 4382 61
4361 4392 76
4387 4422 256
4409 4419 286
4423 4466 135
4424 4463 78
4448 4482 175
4463 4475 226
4489 4521 37
4494 4531 69
4510 4554 37
4515 4564 117
4526 4529 111
4547 4568 247
4575 4622 70
4586 4622 107
4612 4636 250
4633 4641 257
4639 4659 126
4646 4675 94
4653 4689 110
4680 4726 180
4684 4728 107
4689 4700 101
4709 4724 63
4712 4737 76
4716 4758 254
4738 4748 209
4747 4795 213
4756 4768 235
4781 4806 185
4797 4839 107
4816 4851 62
4841 4856 155
4850 4873 144
4868 4901 143
4882 4917 75
4908 4919 170
4935 4961 139
4944 4948 228
4969 4975 127
4975 4992 90
4985 5023 92
5000 5030 192
5023 5042 140
5034 5046 232
5051 5077 227
5081 5122 83
5103 5139 4
5116 5146 33
5134 5174 283
5147 5170 128
5177 5227 205
5192 5228 110
5202 5229 196
5206 5236 282
5234 5271 267
5253 5275 138
5264 5273 174
5277 5294 177
5279 5307 163
5303 5335 253
5326 5337 106
5340 5369 18
5346 5364 206
5364 5376 52
5368 5395 38
5375 5385 293
5404 5414 178
5406 5441 4
5416 5460 266
5437 5469 39
5437 5456 191
5460 5495 280
5487 5519 61
5490 5519 93
5504 5539 251
5519 5541 85
5527 5547 127
5542 5587 171
5560 5608 297
5563 5566 206
5570 5587 19
5588 5598 235
5617 5659 122
5634 5645 103
5652 5675 258
5679 5721 258
5697 5730 295
5715 5747 252
5728 5754 241
5740 5764 146
5766 5773 228
5793 5831 158
5818 5852 219
5821 5836 32
5821 5867 128
5835 5842 242
5841 5890 179
5863 5908 142
5872 5888 41
5898 5918 225
5903 5916 173
5924 5973 41
5954 5994 196
5963 6001 265
5970 5982 33
5977 6007 141
5989 5991 41
6015 6065 33
6025 6034 233
6031 6078 103
6038 6064 45
6059 6101 90
6073 6123 34
6093 6140 178
6102 6143 97
6126 6166 93
6148 6165 205
6148 6180 154
6149 6162 125
6160 6192 58
6176 6187 164
6200 6218 59
6202 6228 2
6221 6234 270
6239 6242 239
6251 6260 147
6268 6280 124
6270 6295 270
6296 6309 197
6310 6356 99
6322 6345 86
6331 6332 67
6345 6389 40
6366 6383 204
6393 6404 205
6420 6462 278
6438 6467 72
6450 6463 252
6460 6507 83
6465 6492 84
6479 6506 240
6493 6501 213
6510 6535 191
6535 6579 169
6538 6556 46
6552 6557 103
6561 6578 238
6581 6586 129
6606 6608 48
6619 6635 51
6649 6682 185
6675 6707 233
6675 6694 113
6694 6733 151
6722 6758 78
6751 6777 47
6762 6784 161
6791 6804 147
6806 6830 235
6812 6830 290
6841 6863 32
6867 6910 85
6878 6914 211
6908 6919 159
6915 6954 145
6920 6944 210
6924 6948 137
6939 6959 182
6944 6956 123
6969 6987 226
6995 7007 84
7019 7035 47
7043 7063 234
7068 7117 164
7095 7124 171
7107 7157 139
7126 7131 135
7139 7170 18
7165 7215 265
7186 7236 2
7194 7233 98
7197 7231 288
7219 7221 287
7248 7253 257
7276 7313 19
7293 7343 17
7303 7327 300
7330 7377 141
7334 7336 35
7363 7377 37
7392 7438 284
7394 7426 155
7408 7417 133
7419 7460 26
7430 7446 156
7444 7483 187
7472 7511 212
7478 7512 271
7480 7494 64
7488 7517 95
7509 7539 93
7525 7531 75
7552 7554 105
7572 7611 102
7592 7631 233
7604 7609 179
7611 7659 213
7615 7653 186
7620 7670 58
7638 7652 297
7650 7664 50
7680 7709 259
7682 7725 241
7712 7747 206
7717 7738 278
7729 7759 44
7730 7773 283
7740 7760 14
7745 7765 128
7772 7798 149
7791 7837 71
7800 7828 133
7816 7866 101
7829 7867 140
7856 7869 200
7884 7909 195
7905 7949 291
7907 7918 135
7908 7956 292
7927 7967 254
7928 7964 94
7937 7986 206
7959 7999 124
7971 8011 264
7986 8005 211
8014 8057 66
8020 8047 219
8035 8066 14
8052 8087 72
8077 8092 67
8077 8116 219
8106 8118 205
8107 8125 37
8115 8125 228
8121 8169 179
8121 8134 272
8141 8156 215
8142 8160 130
8150 8164 47
8174 8220 215
8177 8219 111
8182 8228 210
8197 8235 121
8222 8228 73
8224 8225 225
8254 8257 282
8255 8273 200
8270 8312 94
8289 8321 230
8307 8326 32
8328 8353 41
8346 8355 113
8361 8367 18
8376 8384 247
8381 8403 162
8397 8439 114
8427 8437 267
8455 8487 300
8457 8465 247
8478 8487 129
8483 8503 225
8506 8508 17
8517 8530 90
8546 8581 58
8559 8605 54
8565 8586 201
8589 8620 272
8609 8648 52
8633 8648 214
8663 8705 189
8679 8698 223
8691 8740 200
8718 8723 211
8748 8768 13
8755 8778 138
8781 8801 95
8811 8830 115
8819 8847 210
8844 8873 247
8850 8896 43
8851 8899 239
8855 8889 153
8855 8894 47
8870 8876 272
8879 8928 6
8899 8937 78
8920 8942 166
8935 8953 14
8949 8976 219
8956 8957 286
8969 8985 177
8978 9014 204
9008 9040 5
9010 9015 108
9012 9018 103
9014 9051 260
9033 9076 5
9045 9059 50
9059 9104 74
9088 9099 4
9104 9122 218
9111 9122 108
9128 9171 235
9155 9188 289
9181 9224 132
9196 9230 19
9222 9242 87
9234 9257 261
9238 9281 289
9257 9285 232
9279 9321 126
9289 9295 174
9293 9318 6
9311 9313 72
9329 9353 37
9359 9380 146
9379 9389 89
9383 9399 19
9401 9450 114
9416 9465 51
9426 9449 183
9449 9469 251
9460 9469 49
9478 9518 1
9495 9541 85
9512 9551 28
9529 9532 213
9541 9552 47
9566 9588 37
9579 9600 294
9607 9614 249
9621 9655 220
9631 9659 193
9643 9669 119
9644 9650 114
9661 9711 62
9688 9697 276
9696 9744 277
9721 9736 76
9739 9752 298
9767 9814 172
9795 9817 130
9823 9856 82
9829 9830 221
9856 9857 227
9870 9911 276
9872 9892 208
9876 9904 70
9899 9939 249
9913 9930 8
9913 9963 85
9941 9946 182
9950 9987 268
9952 9955 240
9970 9996 286
9992 10024 91
10010 10023 209
10037 10065 191
10042 10072 228
10070 10119 209
10092 10096 181
10110 10159 119
10118 10119 293
10143 10192 170
10162 10203 206
10165 10188 175
10185 10197 216
10214 10228 198
10240 10285 87
10247 10256 8
10249 10271 136
10256 10271 4
10270 10317 221
10284 10289 212
10293 10320 219
10314 10337 291
10331 10358 34
10351 10357 24
10363 10410 245
10375 10406 266
10400 10442 2
10416 10438 252
10420 10435 81
10432 10448 269
10458 10498 96
10471 10483 27
10487 10523 253
10514 10517 196
10527 10538 197
10551 10577 260
10552 10600 83
10574 10575 178
10595 10641 151
10613 10623 76
10630 10651 202
10641 10679 20
10645 10653 81
10656 10672 285
10674 10694 70
10695 10714 217
10720 10740 78
10731 10738 116
10753 10780 205
10770 10786 15
10780 10820 169
10798 10812 154
10817 10852 242
10821 10836 275
10846 10891 2
10852 10853 272
10866 10873 95
10883 10908 19
10890 10904 3
10890 10916 120
10898 10940 265
10907 10916 75
10920 10923 199
10943 10967 253
10961 10974 123
10982 11030 165
10990 11018 272
11006 11034 107
11022 11024 164
11030 11065 10
11057 11060 209
11081 11120 212
11094 11106 46
11111 11137 25
11116 11159 262
11131 11145 41
11147 11171 96
11167 11174 203
11195 11230 159
11224 11229 162
11236 11272 90
11260 11289 268
11286 11332 9
11302 11304 190
11305 11314 70
11333 11363 153
11344 11347 95
11348 11380 192
11361 11379 57
11391 11412 3
11395 11428 132
11408 11412 256
11437 11453 203
11445 11457 165
11452 11489 145
11459 11505 187
11468 11515 175
11480 11509 156
11496 11513 70
11522 11544 80
11530 11577 262
11552 11589 63
11559 11601 121
11577 11621 221
11586 11602 21
11588 11597 26
11591 11627 189
11604 11614 122
11612 11617 167
11629 11651 108
11653 11702 4
11681 11691 44
11683 11709 68
11706 11723 168
11719 11756 263
11735 11780 291
11739 11762 51
11759 11791 159
11768 11806 65
11797 11837 71
11809 11826 164
11813 11863 285
11843 11877 124
11846 11856 269
11867 11883 10
11870 11878 199
11879 11903 229
11904 11944 259
11915 11958 267
11939 11958 102
11941 11985 184
11957 11967 74
11967 12012 166
11975 12007 186
11993 12014 268
11993 12030 114
11999 12034 282
12012 12027 233
12025 12069 190
12031 12069 260
12055 12078 46
12060 12097 172
12064 12065 48
12066 12101 269
12071 12111 63
12092 12126 124
12102 12128 33
12120 12168 217
12140 12147 144
12145 12149 153
12147 12161 69
12151 12180 39
12175 12221 181
12187 12231 143
12205 12216 35
12213 12258 230
12231 12272 111
12243 12257 279
12251 12277 220
12277 12289 281
12304 12315 161
12329 12345 282
12356 12383 89
12386 12420 278
12414 12438 155
12434 12471 132
12457 12503 144
12467 12469 244
12467 12492 218
12486 12506 202
12503 12553 286
12531 12542 109
12548 12567 13
12574 12581 194
12581 12606 252
12600 12623 231
12629 12636 260
12629 12669 240
12635 12648 277
12665 12690 54
12675 12703 49
12697 12745 2
12719 12727 270
12739 12778 69
12744 12785 233
12752 12800 125
12768 12783 157
12787 12832 161
12801 12840 166
12821 12825 26
12827 12858 162
12827 12873 231
12833 12854 21
12837 12887 100
12846 12879 118
12847 12856 268
12875 12903 164
12894 12931 108
12905 12918 298
12922 12948 27
12925 12942 151
12955 12976 258
12958 12990 272
12982 13031 109
13007 13034 217
13028 13038 14
13046 13067 295
13065 13101 291
13079 13088 215
13086 13096 290
13091 13093 119
13121 13126 203
13123 13140 59
13151 13198 11
13162 13182 94
13189 13212 103
13192 13227 94
13200 13201 192
13208 13233 84
13236 13241 130
13242 13255 208
13258 13266 71
13285 13299 200
13304 13340 182
13326 13344 43
13331 13356 37
13349 13351 34
13349 13380 6
13354 13374 241
13374 13423 132
13392 13429 220
13409 13444 251
13414 13454 66
13432 13446 57
13454 13499 239
13460 13489 101
13472 13485 204
13492 13533 142
13510 13549 210
13530 13534 136
13540 13584 163
13570 13606 25
13591 13615 13
13597 13616 30
13598 13612 116
13600 13638 27
13618 13655 162
13631 13643 72
13647 13675 55
13649 13679 169
13675 13721 10
13703 13712 173
13709 13757 221
13716 13763 9
13739 13775 232
13768 13769 133
13790 13817 61
13803 13816 293
13809 13842 82
13820 13860 17
13842 13886 108
13852 13861 66
13865 13906 190
13883 13904 126
13899 13912 136
13912 13937 227
13919 13937 154
13923 13969 13
13942 13977 88
13961 13977 106
13987 14000 105
13998 14014 220
14011 14019 62
14024 14036 253
14033 14078 189
14051 14092 280
14059 14066 183
14080 14098 111
14087 14108 146
14095 14136 138
14096 14133 242
14101 14121 4
14122 14141 74
14151 14161 39
14165 14173 259
14190 14194 204
14201 14246 46
14223 14265 221
14226 14251 104
14255 14272 157
14262 14276 127
14271 14273 70
14272 14278 27
14285 14302 21
14314 14349 161
14323 14366 106
14344 14356 114
14357 14390 61
14379 14385 119
14383 14416 89
14407 14411 143
14429 14466 64
14444 14486 34
14445 14452 229
14471 14514 189
14495 14531 36
14500 14532 7
14519 14558 138
14532 14551 121
14548 14575 73
14548 14558 170
14550 14592 255
14559 14597 36
14566 14615 198
14583 14617 290
14605 14636 2
14617 14622 224
14646 14695 247
14659 14709 92
14660 14691 274
14674 14681 281
14680 14723 155
14708 14743 153
14737 14746 255
14748 14778 160
14777 14819 8
14782 14810 12
14792 14838 134
14793 14806 39
14816 14828 88
14835 14885 222
14851 14867 218
14876 14890 63
14894 14895 194
14905 14946 192
14935 14955 80
14941 14954 297
14949 14984 217
14975 14989 16
14996 15020 130
14998 15011 266
15021 15068 145
15038 15072 118
15046 15058 58
15056 15092 300
15084 15092 64
15085 15087 188
15102 15145 295
15117 15122 224
15123 15151 152
