5000
18 56 271
27 35 164
28 45 13
55 58 217
82 129 71
111 112 68
126 150 184
155 204 191
175 202 220
183 198 232
188 197 273
213 262 34
223 256 247
231 257 98
257 267 237
277 290 149
297 316 143
300 327 247
311 321 38
336 366 75
339 373 245
358 373 24
376 404 199
376 417 208
404 409 195
415 443 185
416 459 85
439 445 188
440 457 238
449 484 60
476 518 22
492 503 118
518 559 148
540 575 187
544 555 91
557 564 10
574 612 259
595 636 47
623 673 183
646 675 160
666 691 86
676 687 14
689 697 72
697 740 121
700 738 155
702 722 122
706 735 175
722 723 37
749 781 14
750 792 218
758 802 108
758 807 175
782 802 255
785 800 290
807 825 145
831 872 172
842 890 280
854 899 118
866 901 78
884 892 29
903 911 161
904 943 180
916 931 294
921 922 201
936 957 294
956 975 25
967 991 219
975 1013 87
976 985 69
986 988 156
996 1018 175
1003 1041 18
1010 1016 113
1040 1080 221
1059 1065 77
1068 1117 101
1096 1098 231
1099 1149 202
1121 1170 220
1123 1129 189
1149 1152 139
1157 1166 272
1174 1202 96
1175 1224 43
1175 1221 261
1199 1205 72
1227 1271 34
1237 1251 201
1267 1270 265
1290 1334 45
1314 1319 82
1336 1382 267
1339 1369 54
1367 1406 119
1397 1407 108
1425 1469 168
1434 1472 19
1460 1490 243
1490 1515 28
1506 1540 268
1517 1549 258
1524 1558 41
1536 1543 265
1558 1599 161
1558 1579 52
1587 1628 36
1594 1618 283
1602 1619 216
1617 1654 282
1621 1659 5
1647 1658 119
1652 1678 137
1652 1695 10
1666 1701 267
1674 1684 190
1699 1747 262
1722 1744 88
1731 1765 231
1735 1757 175
1735 1765 77
1740 1768 197
1740 1766 262
1752 1764 88
1754 1795 271
1758 1807 172
1774 1809 299
1796 1826 154
1826 1861 261
1848 1869 56
1874 1899 102
1901 1905 49
1913 1948 204
1922 1957 272
1938 1948 196
1965 1975 221
1977 2004 59
1987 2007 277
2011 2014 244
2019 2042 202
2038 2052 135
2051 2097 52
2062 2092 154
2065 2082 291
2094 2140 205
2106 2145 231
2109 2145 213
2138 2188 18
2157 2179 295
2178 2190 288
2199 2220 137
2202 2206 80
2212 2248 35
2215 2255 230
2245 2279 128
2261 2282 36
2279 2301 151
2302 2329 28
2332 2347 244
2359 2361 79
2373 2391 205
2375 2390 94
2401 2444 35
2415 2458 26
2422 2443 21
2429 2473 181
2448 2468 96
2450 2454 81
2474 2489 27
2496 2523 140
2499 2530 127
2526 2572 89
2540 2563 70
2542 2558 188
2568 2576 51
2598 2635 183
2618 2663 132
2636 2662 190
2638 2672 112
2665 2671 53
2674 2724 17
2701 2715 218
2702 2717 236
2704 2707 58
2730 2764 298
2731 2742 58
2732 2765 63
2744 2781 267
2747 2792 28
2748 2756 195
2751 2771 29
2772 2819 291
2802 2839 245
2828 2853 68
2841 2881 171
2858 2885 111
2866 2902 12
2877 2921 194
2887 2914 167
2891 2919 194
2917 2946 233
2941 2968 276
2944 2975 16
2949 2994 42
2955 2985 176
2973 2986 118
2995 3013 35
3014 3025 174
3037 3046 33
3067 3072 141
3087 3100 142
3089 3090 34
3092 3139 249
3107 3115 59
3119 3147 14
3122 3152 41
3127 3145 230
3129 3137 5
3155 3203 141
3176 3217 125
3192 3239 166
3204 3210 72
3209 3236 134
3239 3257 110
3248 3263 269
3249 3277 27
3278 3318 157
3291 3311 153
3312 3319 166
3322 3357 193
3348 3382 189
3374 3422 192
3380 3420 57
3406 3434 104
3426 3427 113
3434 3456 38
3444 3483 264
3470 3483 165
3470 3472 121
3480 3525 276
3502 3506 203
3519 3556 291
3544 3558 225
3570 3593 270
3597 3638 236
3603 3619 2
3616 3648 299
3616 3624 70
3631 3668 105
3641 3650 287
3665 3685 98
3673 3717 189
3692 3721 102
3710 3711 157
3723 3761 250
3747 3773 29
3762 3796 288
3786 3799 9
3792 3812 32
3792 3819 164
3807 3845 159
3828 3861 23
3850 3872 225
3878 3919 288
3898 3935 188
3900 3916 235
3920 3922 176
3922 3926 19
3929 3965 288
3943 3946 134
3965 3982 20
3973 4016 16
3977 4022 153
4006 4019 217
4008 4021 16
4033 4046 90
4061 4072 215
4086 4107 78
4103 4146 126
4119 4149 228
4122 4149 273
4146 4193 142
4148 4196 129
4168 4208 147
4196 4240 270
4217 4220 152
4240 4246 293
4247 4287 261
4268 4279 188
4269 4292 289
4278 4308 162
4280 4281 251
4306 4343 290
4330 4358 188
4359 4361 166
4370 4402 117
4376 4378 55
4380 4422 97
4393 4407 217
4408 4414 130
4427 4460 195
4433 4474 5
4454 4483 156
4468 4492 197
4488 4504 24
4517 4546 235
4517 4527 150
4519 4549 115
4544 4560 210
4571 4601 143
4599 4618 290
4626 4649 287
4648 4697 151
4674 4693 191
4682 4732 195
4704 4719 212
4733 4771 245
4753 4798 279
4770 4807 135
4790 4803 259
4811 4842 104
4815 4822 116
4843 4860 187
4852 4873 2
4880 4928 243
4902 4926 68
4919 4952 164
4939 4987 10
4955 5000 94
4983 4988 260
4995 5031 210
5017 5057 62
5035 5069 20
5035 5047 214
5054 5070 190
5059 5108 26
5087 5121 252
5098 5148 250
5125 5126 229
5144 5194 292
5162 5186 180
5167 5214 295
5197 5241 29
5210 5233 50
5228 5239 206
5246 5268 294
5267 5302 46
5271 5279 270
5293 5327 112
5321 5343 167
5340 5388 214
5355 5373 253
5381 5428 118
5399 5442 108
5407 5438 42
5425 5444 21
5428 5457 30
5438 5461 229
5441 5465 70
5445 5462 263
5449 5485 10
5465 5475 287
5465 5471 187
5489 5494 170
5498 5502 102
5505 5522 235
5514 5529 161
5524 5573 4
5553 5573 142
5574 5608 209
5587 5616 35
5601 5637 210
5619 5644 38
5646 5668 265
5651 5698 203
5671 5700 82
5677 5713 213
5696 5724 12
5717 5730 153
5734 5737 33
5751 5784 231
5768 5812 83
5775 5785 61
5777 5823 123
5800 5841 68
5827 5829 160
5832 5867 202
5857 5906 6
5865 5868 169
5873 5900 295
5887 5930 162
5893 5930 31
5922 5956 45
5926 5958 195
5944 5975 230
5966 6011 238
5988 6037 30
6013 6014 59
6025 6027 104
6051 6054 24
6075 6106 110
6087 6097 249
6097 6102 29
6112 6140 213
6123 6139 239
6145 6160 250
6171 6218 52
6173 6192 60
6180 6200 176
6207 6240 196
6225 6251 60
6250 6286 210
6250 6255 6
6264 6288 292
6269 6303 63
6284 6312 274
6294 6341 84
6316 6359 16
6317 6334 101
6323 6338 107
6333 6353 97
6334 6365 66
6348 6360 61
6377 6400 91
6386 6392 263
6387 6405 128
6403 6436 44
6416 6450 29
6431 6478 5
6455 6504 137
6475 6480 79
6494 6521 187
6520 6557 178
6526 6534 13
6533 6578 72
6553 6580 81
6560 6569 104
6582 6613 16
6593 6600 194
6594 6637 212
6599 6616 212
6603 6615 13
6605 6647 77
6615 6635 275
6645 6658 276
6649 6677 70
6660 6709 89
6675 6713 66
6694 6704 251
6701 6743 287
6713 6726 34
6731 6735 148
6749 6770 133
6770 6776 29
6792 6820 227
6816 6856 158
6837 6880 17
6863 6889 120
6872 6880 89
6888 6890 286
6903 6943 85
6924 6956 276
6954 6960 240
6973 6978 158
6992 6997 129
7022 7046 19
7034 7037 252
7062 7104 58
7069 7093 2
7081 7097 67
7082 7124 139
7112 7151 178
7139 7157 210
7155 7171 135
7170 7210 120
7188 7219 150
7197 7208 189
7197 7229 282
7219 7248 35
7237 7244 106
7255 7257 253
7279 7304 22
7294 7305 45
7313 7331 138
7339 7360 97
7345 7362 7
7360 7381 249
7376 7391 171
7403 7424 28
7419 7438 176
7436 7468 55
7436 7468 106
7458 7505 141
7486 7488 282
7501 7547 18
7526 7548 47
7553 7603 198
7563 7564 75
7580 7615 71
7604 7651 186
7620 7667 166
7629 7669 168
7637 7645 179
7662 7669 288
7667 7675 65
7691 7709 113
7715 7721 294
7722 7740 162
7723 7759 164
7741 7750 282
7758 7802 86
7766 7787 235
7778 7786 90
7793 7811 10
7803 7844 86
7833 7860 126
7849 7887 47
7870 7909 158
7895 7900 242
7901 7919 270
7904 7935 124
7904 7913 26
7907 7922 217
7923 7954 40
7930 7974 35
7949 7961 86
7962 7968 119
7982 8006 40
8012 8020 45
8016 8053 197
8018 8065 233
8038 8078 292
8054 8090 42
8073 8101 69
8077 8102 231
8085 8091 223
8092 8101 137
8099 8140 112
8121 8147 203
8137 8171 58
8146 8162 78
8165 8193 110
8180 8186 15
8180 8192 23
8205 8254 285
8214 8218 72
8226 8235 177
8229 8260 293
8242 8265 198
8270 8272 92
8287 8309 152
8300 8317 147
8326 8339 167
8329 8343 96
8333 8343 119
8353 8403 237
8360 8378 261
8366 8370 144
8384 8387 55
8406 8441 73
8413 8436 101
8419 8426 286
8419 8469 174
8446 8467 179
8461 8498 164
8490 8508 136
8504 8537 213
8520 8567 153
8527 8540 57
8534 8554 49
8547 8592 183
8575 8590 176
8595 8644 289
8608 8649 243
8616 8643 52
8632 8647 230
8640 8675 298
8650 8651 115
8665 8676 245
8681 8686 246
8706 8754 215
8708 8752 31
8710 8745 142
8738 8760 257
8767 8808 106
8767 8784 52
8780 8805 25
8790 8812 137
8800 8823 85
8816 8861 219
8816 8835 178
8839 8852 210
8857 8903 162
8884 8925 172
8907 8911 43
8907 8938 9
8914 8928 20
8933 8958 210
8944 8959 223
8967 9013 156
8983 9011 173
8995 9044 133
9006 9039 49
9025 9064 20
9026 9028 166
9052 9065 71
9068 9110 111
9087 9089 24
9116 9164 281
9144 9194 92
9164 9190 46
9170 9187 81
9200 9209 252
9227 9264 38
9245 9282 35
9268 9273 24
9269 9306 122
9286 9287 270
9298 9308 224
9307 9340 72
9310 9334 176
9337 9354 40
9355 9400 88
9366 9379 218
9368 9412 178
9395 9442 271
9398 9416 73
9398 9448 300
9412 9448 31
9442 9467 88
9453 9478 254
9460 9505 280
9490 9500 237
9512 9561 59
9540 9552 261
9565 9583 41
9586 9603 222
9602 9637 136
9629 9650 89
9645 9671 228
9662 9671 153
9678 9712 282
9693 9725 14
9722 9739 164
9750 9757 16
9779 9818 94
9780 9815 227
9806 9819 147
9812 9825 147
9838 9854 88
9841 9884 23
9850 9876 70
9863 9904 14
9866 9894 126
9868 9893 34
9882 9916 38
9890 9931 155
9919 9963 199
9949 9961 257
9954 10004 178
9958 9990 159
9958 9961 250
9972 9973 136
9993 10018 229
10014 10018 154
10033 10061 60
10055 10099 233
10062 10071 194
10076 10124 58
10098 10099 118
10108 10112 122
10110 10149 289
10136 10185 248
10140 10166 202
10159 10177 189
10159 10206 208
10186 10218 109
10195 10227 31
10222 10254 85
10248 10298 86
10252 10260 107
10281 10318 215
10304 10322 59
10330 10371 41
10348 10371 87
10354 10373 116
10367 10377 265
10373 10420 81
10400 10429 111
10427 10450 221
10436 10455 196
10452 10501 109
10473 10494 235
10489 10531 246
10499 10515 218
10522 10560 142
10546 10548 41
10567 10577 14
10587 10609 280
10599 10635 228
10602 10611 189
10604 10630 197
10633 10644 280
10645 10687 263
10674 10710 23
10698 10702 298
10714 10756 27
10716 10752 177
10718 10753 100
10727 10740 56
10741 10759 58
10742 10791 221
10757 10760 129
10765 10788 109
10766 10804 211
10788 10815 224
10790 10802 11
10790 10831 189
10812 10831 22
10824 10869 47
10838 10867 52
10849 10893 163
10874 10904 24
10891 10923 197
10919 10966 116
10944 10973 230
10965 10977 286
10985 11023 175
10992 11032 123
11016 11018 99
11023 11026 206
11052 11100 174
11069 11117 76
11077 11112 157
11077 11126 201
11087 11124 143
11116 11159 35
11118 11149 173
11133 11147 9
11134 11154 296
11159 11183 52
11170 11215 24
11170 11182 136
11180 11227 60
11194 11206 274
11220 11239 195
11247 11265 137
11252 11262 178
11271 11300 30
11275 11310 103
11292 11304 41
11299 11306 119
11309 11327 8
11328 11344 221
11339 11377 131
11346 11357 105
11346 11375 150
11358 11408 290
11373 11418 190
11376 11423 266
11396 11434 15
11398 11438 79
11398 11416 11
11419 11437 137
11423 11433 281
11452 11464 68
11453 11457 106
11472 11492 86
11496 11505 104
11498 11513 168
11501 11545 126
11518 11554 233
11518 11525 278
11545 11585 11
11565 11586 202
11586 11623 19
11605 11627 107
11633 11677 247
11659 11701 171
11660 11698 241
11665 11668 156
11673 11709 33
11687 11720 122
11695 11733 264
11708 11723 212
11727 11745 151
11748 11751 157
11750 11769 122
11764 11813 36
11789 11794 161
11797 11813 274
11826 11858 34
11847 11878 172
11870 11907 151
11886 11934 277
11905 11954 143
11918 11948 79
11945 11980 36
11974 12013 226
11979 12025 248
11995 12022 79
12019 12050 160
12019 12060 149
12033 12041 12
12053 12098 172
12070 12100 52
12094 12127 64
12118 12166 188
12145 12147 7
12149 12154 111
12171 12195 113
12171 12208 127
12200 12202 73
12200 12215 14
12226 12229 22
12231 12281 263
12241 12283 94
12245 12282 148
12263 12307 124
12278 12322 257
12278 12304 242
12298 12299 150
12311 12345 79
12331 12369 12
12335 12338 4
12340 12365 275
12345 12357 233
12363 12396 145
12380 12398 173
12383 12406 144
12404 12409 21
12433 12483 66
12447 12472 197
12459 12509 29
12470 12483 137
12489 12501 174
12514 12523 68
12528 12541 66
12557 12580 6
12579 12608 166
12597 12603 135
12622 12651 128
12651 12659 273
12677 12697 226
12680 12698 201
12708 12725 57
12711 12724 262
12713 12760 146
12715 12738 73
12725 12743 197
12754 12786 69
12771 12821 186
12773 12804 185
12793 12839 60
12818 12827 244
12843 12861 48
12844 12891 96
12857 12883 202
12863 12890 232
12876 12894 238
12878 12924 253
12908 12917 213
12933 12963 123
12961 12974 165
12991 13010 181
13011 13018 32
13026 13035 267
13036 13041 100
13049 13083 289
13077 13088 227
13091 13126 179
13100 13118 40
13128 13178 164
13156 13179 136
13178 13210 298
13178 13184 252
13193 13242 22
13212 13220 21
13240 13241 22
13249 13291 125
13255 13290 169
13256 13281 148
13276 13316 38
13303 13333 256
13327 13363 110
13333 13382 25
13336 13380 154
13358 13381 256
13381 13386 268
13409 13430 146
13436 13465 276
13462 13477 71
13478 13515 89
13482 13516 215
13504 13533 33
13512 13531 63
13532 13550 244
13541 13579 276
13562 13567 173
13581 13596 252
13582 13588 240
13603 13616 151
13616 13627 293
13643 13651 261
13648 13685 143
13657 13670 98
13665 13707 143
13692 13734 136
13701 13725 269
13720 13753 55
13741 13745 3
13749 13768 178
13757 13800 72
13757 13774 236
13767 13795 5
13796 13845 73
13821 13865 169
13822 13836 286
13831 13833 84
13851 13889 184
13873 13916 112
13894 13896 166
13899 13915 6
13922 13949 10
13932 13957 185
13935 13965 17
13945 13957 126
13962 13973 5
13982 14000 67
14010 14030 140
14036 14079 290
14047 14071 34
14056 14083 97
14060 14081 162
14086 14096 230
14101 14115 180
14131 14161 289
14153 14173 266
14167 14189 138
14171 14172 228
14174 14193 168
14197 14204 111
14225 14260 223
14240 14265 164
14244 14255 40
14274 14324 85
14293 14322 11
14307 14344 229
14330 14333 23
14337 14368 13
14343 14351 242
14360 14390 221
14373 14412 114
14389 14432 105
14398 14427 46
14415 14416 197
14441 14488 215
14453 14460 140
14458 14506 55
14485 14527 211
14487 14507 206
14509 14546 63
14528 14541 167
14539 14581 5
14558 14572 103
14558 14574 94
14558 14587 182
14570 14611 183
14598 14632 4
14610 14641 42
14629 14630 219
14639 14662 61
14659 14705 249
14686 14698 71
14691 14737 14
14695 14735 146
14710 14723 202
14722 14724 196
14747 14772 240
14768 14806 218
14788 14835 233
14788 14802 237
14800 14825 217
14829 14872 76
14829 14857 63
14856 14866 30
14862 14888 249
14862 14911 298
14875 14892 62
14900 14936 248
14927 14944 106
14939 14963 292
14961 14979 232
14973 14985 128
14974 15016 71
14995 15016 4
15000 15005 189
15014 15031 34
15024 15074 51
15050 15071 86
15076 15083 43
15096 15119 38
15116 15138 178
15140 15180 26
15144 15162 120
15160 15205 272
15185 15233 112
15192 15221 43
15204 15231 274
15207 15210 198
15235 15241 235
15256 15283 230
15280 15299 25
15299 15347 255
15307 15327 171
15319 15332 177
15347 15397 236
15357 15358 195
15380 15425 173
15385 15411 221
15407 15450 158
15424 15474 53
15449 15489 119
15451 15498 113
15472 15519 112
15474 15514 70
15488 15517 109
15514 15525 211
15524 15529 66
15547 15571 186
15547 15571 254
15564 15574 92
15581 15596 45
15610 15653 265
15633 15649 269
15653 15680 291
15670 15696 237
15674 15706 75
15699 15735 18
15710 15713 99
15739 15761 219
15758 15800 77
15770 15815 295
15774 15778 282
15802 15849 129
15811 15854 206
15812 15833 288
15812 15857 57
15840 15890 227
15852 15872 144
15867 15888 251
15877 15885 18
15899 15929 65
15905 15929 7
15934 15971 125
15946 15979 242
15957 15987 191
15971 15985 106
15985 16005 298
15999 16000 280
16016 16046 290
16033 16052 50
16050 16092 78
16057 16078 202
16068 16108 224
16092 16139 133
16093 16110 92
16123 16126 236
16126 16134 196
16139 16168 102
16145 16174 116
16163 16213 191
16193 16217 97
16196 16207 253
16198 16226 152
16198 16238 101
16200 16206 61
16211 16234 139
16223 16259 124
16230 16272 292
16230 16246 259
16242 16278 290
16267 16317 17
16283 16318 241
16309 16346 254
16328 16330 83
16357 16400 18
16376 16420 246
16406 16424 245
16435 16442 259
16457 16464 217
16468 16501 195
16492 16532 213
16506 16531 92
16522 16544 273
16529 16544 228
16553 16572 12
16578 16609 250
16594 16613 66
16595 16621 194
16600 16646 152
16626 16635 262
16649 16679 182
16672 16683 95
16696 16727 111
16726 16758 73
16733 16758 5
16754 16779 116
16772 16773 56
16797 16834 296
16801 16832 95
16830 16835 195
16831 16861 281
16837 16843 295
16846 16871 221
16874 16899 74
16903 16939 297
16928 16939 211
16955 16968 162
16963 16993 265
16989 17008 13
17012 17057 48
17029 17068 56
17040 17061 61
17055 17081 282
17069 17111 165
17086 17097 187
17090 17096 51
17104 17118 105
17111 17153 51
17134 17171 63
17159 17188 114
17184 17215 17
17188 17225 68
17216 17262 260
17230 17279 168
17238 17254 55
17239 17266 279
17256 17283 20
17263 17306 28
17282 17332 287
17292 17314 2
17320 17362 63
17347 17378 107
17357 17366 179
17361 17387 194
17364 17383 123
17370 17380 155
17389 17423 54
17404 17454 161
17432 17459 253
17440 17453 86
17458 17469 246
17464 17500 91
17477 17522 194
17484 17517 169
17511 17561 135
17525 17565 251
17532 17538 110
17535 17580 214
17559 17578 131
17567 17603 35
17595 17635 84
17607 17612 14
17607 17657 73
17636 17683 170
17659 17671 261
17684 17721 205
17690 17694 25
17716 17740 241
17738 17753 115
17766 17778 12
17774 17776 23
17791 17794 52
17793 17826 53
17811 17845 155
17830 17835 94
17839 17848 278
17864 17882 32
17874 17892 160
17884 17924 122
17905 17938 20
17922 17957 15
17937 17946 239
17953 17979 125
17979 18003 276
18003 18028 134
18018 18046 241
18023 18070 178
18051 18075 39
18065 18112 86
18093 18138 277
18102 18131 175
18130 18151 193
18134 18135 266
18164 18180 58
18176 18189 105
18198 18217 19
18212 18231 182
18227 18245 117
18236 18240 48
18266 18270 149
18287 18324 86
18302 18335 69
18312 18353 146
18327 18358 107
18336 18367 262
18341 18372 43
18351 18364 229
18378 18388 7
18378 18387 146
18382 18428 254
18407 18408 79
18407 18436 132
18422 18456 110
18433 18458 82
18445 18491 162
18457 18488 7
18466 18471 29
18469 18496 17
18473 18499 293
18495 18503 235
18522 18528 180
18533 18548 24
18551 18584 289
18562 18592 138
18573 18592 98
18599 18621 88
18608 18632 297
18617 18635 177
18646 18680 279
18665 18666 282
18691 18717 166
18703 18746 292
18713 18720 207
18714 18722 199
18731 18767 42
18750 18772 29
18757 18759 136
18785 18788 261
18804 18809 259
18817 18856 198
18820 18844 277
18832 18861 208
18841 18877 209
18864 18890 74
18887 18916 291
18912 18915 128
18920 18964 240
18942 18945 89
18962 19000 161
18975 18988 231
18998 19042 111
19024 19047 102
19047 19055 176
19066 19068 47
19083 19093 292
19102 19107 291
19122 19166 229
19136 19137 269
19153 19156 60
19171 19182 210
19199 19202 52
19210 19239 287
19221 19261 47
19226 19232 17
19248 19250 183
19252 19295 267
19281 19291 121
19289 19316 166
19294 19339 139
19315 19329 5
19317 19351 234
19334 19362 61
19334 19342 161
19364 19365 188
19384 19401 299
19414 19421 175
19431 19434 65
19456 19497 207
19485 19528 109
19490 19522 162
19509 19553 168
19520 19544 46
19547 19557 290
19552 19565 234
19562 19610 296
19573 19616 175
19588 19638 6
19607 19621 226
19614 19656 268
19626 19673 43
19646 19694 173
19658 19704 168
19686 19721 293
19694 19726 141
19717 19755 21
19742 19772 41
19763 19779 175
19778 19826 107
19797 19799 220
19798 19831 83
19816 19829 117
19841 19869 98
19849 19851 120
19876 19926 197
19891 19915 130
19919 19925 288
19937 19967 99
19945 19983 259
19971 20002 19
19994 20031 52
20014 20020 167
20040 20081 124
20066 20079 273
20066 20105 83
20093 20128 42
20121 20148 175
20141 20159 191
20164 20182 177
20193 20203 265
20214 20221 112
20231 20237 57
20248 20279 176
20256 20268 212
20266 20313 289
20295 20321 274
20314 20345 119
20322 20338 24
20325 20371 58
20342 20391 266
20350 20378 151
20357 20372 216
20363 20397 230
20382 20409 129
20383 20397 109
20400 20425 264
20403 20439 174
20427 20452 124
20452 20481 12
20482 20526 293
20491 20541 50
20502 20518 21
20526 20569 50
20532 20550 29
20532 20562 117
20562 20575 207
20568 20570 162
20588 20593 223
20594 20616 92
20611 20636 186
20631 20661 229
20637 20681 204
20654 20677 180
20674 20692 129
20700 20732 80
20717 20742 122
20736 20775 217
20751 20775 202
20758 20808 125
20765 20788 184
20795 20837 294
20817 20853 186
20835 20876 147
20860 20894 69
20886 20887 239
20914 20933 170
20935 20940 157
20958 20996 43
20970 21007 232
20976 21011 125
20987 21022 80
21001 21017 282
21002 21022 7
21013 21035 226
21034 21084 110
21040 21046 90
21048 21065 19
21054 21070 241
21079 21117 176
21094 21138 36
21108 21125 186
21133 21137 117
21133 21150 90
21150 21156 88
21180 21190 60
21180 21219 278
21204 21249 81
21228 21232 5
21229 21238 274
21229 21240 284
21256 21300 220
21266 21303 182
21292 21308 239
21298 21340 50
21326 21327 70
21344 21381 66
21355 21384 90
21360 21405 137
21379 21413 259
21406 21419 296
21410 21412 174
21410 21426 33
21412 21454 275
21412 21419 260
21427 21469 122
21447 21456 193
21472 21506 148
21478 21499 194
21482 21528 54
21502 21552 258
21504 21537 86
21533 21574 183
21536 21580 278
21555 21570 142
21585 21620 75
21586 21635 150
21604 21640 114
21604 21605 255
21609 21613 22
21627 21630 262
21657 21699 154
21672 21696 217
21676 21724 147
21696 21715 114
21710 21746 189
21738 21749 205
21765 21769 45
21778 21782 281
21787 21826 26
21791 21834 156
21798 21802 84
21827 21840 129
21849 21877 11
21853 21898 241
21854 21882 188
21880 21902 136
21893 21925 107
21896 21944 213
21906 21934 65
21906 21914 80
21935 21961 40
21957 21966 292
21986 22030 116
22002 22019 212
22028 22037 220
22041 22048 204
22054 22072 206
22076 22106 235
22079 22103 233
22081 22093 95
22082 22090 294
22091 22132 292
22116 22155 242
22146 22156 150
22164 22206 84
22177 22186 77
22181 22217 58
22187 22207 86
22209 22245 41
22234 22236 189
22243 22280 99
22252 22256 158
22278 22314 289
22306 22315 165
22330 22356 131
22340 22350 63
22341 22365 221
22362 22385 238
22369 22396 97
22373 22400 237
22379 22403 177
22390 22397 29
22414 22417 105
22419 22454 245
22430 22458 176
22445 22480 39
22461 22476 102
22485 22501 289
22510 22541 15
22529 22572 50
22546 22572 256
22562 22582 28
22569 22577 75
22572 22575 88
22596 22625 202
22610 22632 202
22615 22625 291
22633 22636 124
22663 22697 135
22683 22718 135
22702 22728 181
22702 22743 263
22723 22731 50
22739 22782 131
22769 22773 9
22773 22811 290
22786 22835 120
22789 22818 27
22813 22857 88
22818 22850 161
22842 22878 79
22843 22885 164
22849 22888 67
22877 22878 86
22889 22913 217
22903 22915 27
22928 22970 62
22939 22969 158
22963 22983 148
22991 23011 294
22992 23010 9
23001 23044 217
23026 23053 21
23036 23084 121
23040 23083 114
23065 23075 29
23094 23110 3
23105 23148 101
23122 23133 99
23149 23161 246
23173 23222 229
23173 23186 208
23191 23228 275
23208 23255 181
23219 23264 16
23225 23257 195
23247 23292 151
23254 23267 68
23277 23314 116
23289 23319 268
23298 23320 117
23328 23340 9
23350 23383 253
23376 23404 10
23398 23400 133
23398 23419 51
23427 23445 262
23447 23477 49
23475 23518 195
23480 23522 6
23483 23501 224
23491 23510 9
23506 23532 73
23531 23535 246
23536 23556 235
23562 23609 44
23592 23597 218
23605 23628 205
23605 23627 142
23630 23644 134
23658 23665 276
23664 23710 214
23693 23728 23
23715 23755 172
23723 23772 95
23737 23748 13
23740 23756 20
23764 23811 244
23785 23802 76
23802 23850 166
23810 23838 234
23818 23830 271
23827 23860 298
23830 23870 72
23849 23857 25
23852 23873 16
23873 23898 243
23880 23923 141
23904 23927 238
23925 23971 88
23951 23966 217
23964 23994 249
23971 24012 177
23976 23987 24
23986 23997 51
24013 24063 221
24025 24072 167
24043 24083 6
24044 24093 11
24062 24096 23
24084 24112 274
24085 24125 99
24095 24124 77
24099 24137 122
24102 24129 227
24129 24136 298
24145 24173 101
24151 24168 180
24160 24198 174
24161 24195 115
24162 24175 102
24168 24172 262
24194 24219 92
24218 24257 21
24238 24275 242
24268 24291 140
24290 24305 53
24293 24318 80
24323 24339 182
24331 24351 226
24342 24370 161
24372 24421 37
24395 24430 84
24398 24427 238
24425 24465 290
24440 24457 138
24447 24471 127
24447 24487 208
24460 24493 25
24479 24518 98
24503 24527 54
24517 24524 3
24523 24561 195
24523 24549 105
24542 24560 119
24558 24593 78
24562 24575 189
24566 24612 94
24576 24599 210
24577 24579 267
24580 24616 152
24605 24652 263
24617 24648 27
24636 24669 182
24636 24643 153
24652 24695 72
24676 24691 150
24684 24701 153
24707 24750 254
24714 24726 10
24731 24746 94
24761 24768 2
24766 24788 19
24783 24815 295
24789 24819 114
24795 24812 134
24824 24835 96
24829 24850 137
24853 24875 292
24861 24865 294
24886 24901 300
24904 24928 48
24908 24910 115
24928 24951 38
24934 24950 168
24943 24983 105
24970 25011 261
24982 24999 276
24986 25013 170
24992 25040 46
25007 25022 275
25035 25047 120
25054 25056 296
25079 25105 126
25106 25141 254
25126 25161 36
25127 25156 26
25128 25144 120
25137 25159 35
25161 25173 177
25175 25197 44
25189 25229 231
25201 25243 201
25209 25218 141
25238 25262 9
25262 25304 282
25286 25297 234
25293 25336 22
25295 25338 264
25314 25325 225
25344 25385 118
25345 25369 258
25354 25399 280
25380 25388 128
25394 25418 261
25417 25447 284
25430 25468 236
25434 25461 278
25448 25479 44
25466 25496 225
25480 25522 55
25495 25525 30
25515 25561 65
25528 25564 114
25551 25573 168
25578 25581 82
25604 25641 270
25621 25661 193
25647 25669 256
25649 25669 64
25658 25680 46
25688 25729 63
25688 25689 268
25692 25724 112
25694 25720 5
25713 25734 31
25739 25786 179
25740 25790 61
25766 25776 282
25767 25796 235
25777 25795 135
25800 25816 225
25812 25838 251
25831 25861 84
25855 25866 136
25855 25884 31
25879 25898 254
25891 25940 95
25915 25960 127
25927 25971 76
25950 25963 136
25979 26011 248
26003 26049 11
26005 26045 62
26010 26055 242
26035 26059 154
26064 26100 287
26085 26129 218
26088 26110 203
26113 26158 76
26116 26156 271
26132 26163 189
26136 26154 203
26158 26199 146
26188 26229 123
26201 26208 44
26225 26260 18
26230 26236 74
26241 26265 299
26252 26282 4
26258 26274 51
26288 26319 188
26290 26298 139
26290 26327 93
26310 26344 131
26330 26351 154
26352 26371 209
26359 26408 195
26370 26393 168
26388 26417 219
26390 26398 60
26400 26421 247
26409 26454 114
26423 26470 2
26442 26491 187
26467 26483 290
26485 26507 9
26502 26525 170
26527 26571 16
26531 26538 37
26556 26605 54
26559 26565 210
26581 26628 91
26581 26599 96
26589 26633 147
26617 26655 11
26619 26660 293
26646 26696 157
26647 26683 11
26662 26664 248
26674 26679 30
26681 26695 14
26692 26710 225
26694 26699 186
26694 26714 22
26706 26740 123
26719 26767 45
26745 26756 145
26751 26798 95
26761 26790 200
26771 26811 106
26777 26816 98
26783 26803 125
26808 26818 236
26826 26856 11
26855 26871 60
26877 26913 47
26897 26917 263
26921 26963 90
26944 26983 152
26949 26983 12
26968 27013 57
26982 27010 258
27011 27020 51
27012 27019 44
27029 27061 19
27048 27079 148
27049 27079 197
27078 27085 153
27099 27130 300
27124 27172 271
27141 27145 257
27160 27170 109
27164 27185 110
27188 27204 241
27217 27235 286
27245 27264 185
27261 27299 155
27289 27326 222
27294 27326 248
27298 27322 204
27327 27340 253
27348 27390 100
27370 27399 148
27378 27386 184
27389 27404 48
27411 27435 7
27411 27429 196
27441 27455 97
27456 27490 94
27473 27491 68
27503 27528 163
27524 27533 252
27529 27566 7
27556 27588 44
27567 27606 24
27578 27590 282
27597 27645 172
27614 27639 167
27629 27668 143
27631 27674 107
27638 27678 128
27639 27667 211
27650 27653 90
27655 27677 176
27671 27676 199
27685 27721 154
27692 27717 66
27707 27749 76
27718 27760 159
27728 27766 156
27745 27772 283
27751 27758 201
27770 27787 39
27797 27837 34
27808 27842 30
27836 27861 202
27861 27893 285
27867 27885 13
27877 27923 283
27889 27935 224
27903 27913 179
27909 27928 170
27916 27953 124
27937 27980 107
27945 27947 266
27964 27995 41
27975 27996 229
27976 28013 273
27996 27999 65
28005 28032 240
28026 28075 173
28045 28059 195
28073 28094 249
28102 28111 287
28118 28161 129
28135 28150 299
28138 28167 47
28159 28174 29
28168 28215 207
28193 28223 54
28215 28233 7
28236 28237 1
28258 28282 65
28268 28283 171
28298 28300 218
28306 28330 265
28319 28360 150
28347 28360 296
28370 28374 85
28399 28421 183
28416 28458 180
28421 28430 217
28433 28463 249
28437 28458 244
28461 28484 284
28491 28530 273
28508 28528 198
28538 28583 277
28543 28546 186
28566 28604 277
28582 28632 65
28601 28636 232
28608 28654 288
28618 28668 5
28628 28656 183
28647 28672 67
28659 28681 17
28659 28670 110
28685 28706 234
28708 28709 203
28737 28784 218
28752 28756 297
28754 28799 71
28761 28787 71
28769 28793 250
28790 28819 27
28815 28848 140
28826 28830 211
28853 28860 88
28858 28872 91
28886 28929 208
28902 28934 138
28904 28933 74
28912 28919 235
28921 28922 279
28941 28964 67
28943 28960 281
28963 29003 90
28970 28993 234
28970 28978 120
28981 29014 299
29000 29050 88
29030 29068 194
29052 29070 27
29057 29103 40
29062 29074 159
29092 29094 73
29114 29152 229
29137 29165 5
29167 29188 57
29190 29222 109
29217 29238 268
29235 29279 104
29247 29266 203
29252 29271 44
29279 29313 97
29300 29307 88
29329 29333 162
29330 29358 47
29337 29358 227
29349 29382 118
29361 29405 270
29382 29403 218
29400 29426 257
29405 29448 179
29430 29431 3
29434 29462 107
29452 29480 3
29478 29527 71
29500 29506 177
29514 29531 156
29539 29555 66
29564 29608 261
29592 29597 125
29618 29651 40
29633 29679 221
29661 29666 199
29668 29680 298
29672 29694 31
29700 29740 83
29718 29753 29
29731 29755 48
29755 29791 95
29780 29829 228
29803 29806 210
29818 29852 122
29828 29854 57
29850 29859 138
29871 29883 235
29897 29931 124
29900 29943 136
29916 29947 170
29939 29957 283
29947 29973 150
29960 29965 226
29986 29993 13
30008 30022 219
30009 30054 245
30025 30074 43
30042 30048 160
30046 30071 132
30065 30073 65
30074 30122 192
30077 30125 70
30097 30140 143
30124 30167 241
30126 30151 192
30147 30170 221
30170 30219 115
30175 30214 258
30190 30220 230
30213 30260 98
30216 30234 251
30231 30276 239
30234 30245 213
30243 30254 47
30259 30270 278
30289 30304 178
30295 30315 200
30320 30356 48
30331 30359 72
30353 30355 240
30359 30368 250
30388 30428 53
30404 30424 136
30405 30427 202
30405 30435 77
30420 30421 4
30445 30494 78
30456 30488 143
30460 30461 277
30488 30536 288
30504 30540 8
30519 30553 24
30544 30587 181
30560 30610 24
30583 30606 285
30593 30620 25
30607 30631 134
30618 30663 114
30623 30659 240
30646 30691 185
30666 30678 213
30684 30708 118
30691 30699 284
30717 30744 177
30732 30780 68
30733 30764 75
30754 30770 153
30784 30814 21
30791 30794 187
30792 30822 150
30811 30851 212
30814 30816 294
30830 30860 4
30842 30885 137
30872 30911 283
30873 30917 117
30885 30925 83
30902 30924 165
30911 30949 240
30940 30946 91
30965 30969 9
30993 31036 32
30996 31000 207
31012 31030 266
31032 31070 297
31050 31073 212
31063 31095 4
31071 31076 286
31101 31149 241
31125 31140 296
31129 31131 155
31139 31157 62
31151 31172 83
31161 31163 272
31162 31192 250
31189 31195 42
31205 31224 68
31232 31250 17
31259 31266 137
31282 31311 13
31304 31333 174
31321 31356 147
31342 31358 55
31365 31380 298
31389 31392 91
31392 31398 122
31415 31458 101
31437 31445 245
31464 31494 96
31468 31504 178
31479 31486 46
31505 31548 193
31531 31552 209
31546 31561 259
31559 31589 243
31579 31610 101
31595 31619 231
31622 31672 141
31629 31663 182
31648 31654 48
31657 31671 255
31658 31685 161
31682 31731 158
31712 31753 221
31727 31731 135
31744 31794 7
31748 31768 224
31758 31779 16
31760 31803 246
31773 31804 109
31796 31842 258
31816 31822 188
31846 31880 173
31866 31891 214
31886 31889 79
31902 31925 34
31917 31948 165
31947 31948 23
31951 31984 138
31954 31991 227
31955 31987 86
31968 31999 130
31980 32001 94
31990 32039 289
31990 31996 276
31993 32003 40
32014 32045 264
32019 32058 25
32046 32067 33
32046 32055 45
32066 32082 98
32093 32131 69
32099 32106 115
32108 32147 53
32117 32150 189
32128 32141 86
32135 32162 14
32156 32196 193
32174 32181 120
32177 32216 68
32199 32200 126
32228 32273 293
32248 32252 105
32260 32261 95
32269 32278 291
32273 32280 193
32292 32296 110
32297 32312 7
32324 32343 183
32336 32366 59
32357 32364 120
32359 32390 226
32385 32405 94
32398 32426 241
32423 32444 223
32443 32445 243
32452 32493 254
32459 32465 70
32482 32500 35
32494 32508 236
32501 32548 137
32506 32548 228
32511 32541 98
32538 32586 269
32543 32546 182
32562 32606 137
32569 32581 162
32571 32582 120
32583 32607 66
32589 32634 293
32615 32661 102
32642 32679 202
32670 32699 272
32680 32703 65
32710 32717 25
32722 32769 268
32739 32789 111
32741 32767 105
32746 32777 242
32762 32767 11
32784 32807 298
32811 32832 139
32827 32869 202
32847 32877 157
32876 32888 141
32889 32939 186
32900 32921 127
32917 32943 62
32922 32965 198
32935 32940 218
32965 32967 105
32969 33011 29
32976 32980 126
32993 33015 190
33007 33043 17
33011 33051 68
33039 33084 11
33054 33064 122
33083 33090 103
33103 33152 95
33122 33146 98
33141 33185 292
33156 33157 198
33167 33174 18
33177 33185 155
33199 33207 17
33227 33275 50
33244 33265 28
33261 33276 72
33267 33269 138
33290 33322 64
33315 33361 106
33337 33379 83
33354 33392 256
33384 33410 232
33397 33447 278
33427 33434 153
33429 33474 146
33434 33470 137
33447 33480 174
33454 33459 214
33464 33489 282
33477 33504 296
33478 33520 148
33479 33506 161
33506 33552 36
33522 33528 213
33550 33566 53
33565 33575 89
33574 33588 293
33594 33595 152
33604 33623 121
33613 33625 178
33626 33666 1
33646 33653 165
33663 33690 210
33683 33694 143
33703 33732 197
33727 33743 51
33745 33793 245
33772 33819 270
33792 33803 58
33817 33847 127
33832 33868 75
33836 33854 134
33862 33903 210
33880 33914 37
33894 33918 106
33895 33941 240
33909 33910 150
33910 33923 198
33919 33927 94
33921 33951 102
33941 33976 72
33957 33971 167
33975 34022 238
33985 34011 213
34005 34006 230
34015 34065 297
34044 34066 60
34064 34070 72
34082 34106 62
34101 34106 75
34118 34131 110
34140 34179 51
34157 34199 188
34168 34171 113
34180 34229 59
34193 34214 180
34222 34243 35
34242 34270 117
34265 34280 34
34278 34320 228
34281 34315 12
34295 34335 161
34307 34351 32
34308 34335 120
34325 34364 163
34340 34341 266
34368 34394 224
34382 34397 65
34400 34423 134
34405 34446 29
34413 34458 86
34435 34477 209
34444 34488 284
34474 34508 111
34474 34499 194
34493 34527 289
34499 34502 189
34509 34546 161
34523 34571 138
34543 34588 94
34554 34604 289
34578 34601 133
34602 34643 245
34624 34652 156
34649 34659 19
34675 34719 215
34704 34752 176
34712 34723 108
34721 34770 9
34725 34738 122
34731 34772 192
34732 34733 282
34752 34759 90
34781 34796 99
34792 34824 122
34811 34833 49
34820 34841 259
34833 34834 240
34850 34897 208
34852 34901 44
34867 34910 42
34874 34910 114
34895 34926 205
34904 34940 212
34923 34965 210
34944 34989 143
34956 34994 22
34975 35013 47
34987 35012 55
35002 35051 275
35003 35036 45
35018 35040 97
35025 35047 245
35029 35074 299
35054 35083 51
35062 35083 7
35081 35105 64
35090 35140 76
35091 35128 275
35103 35128 117
35125 35154 239
35138 35155 188
35152 35179 205
35159 35163 144
35168 35208 68
35194 35208 22
35196 35197 20
35213 35222 13
35236 35244 264
35250 35257 68
35251 35272 185
35255 35260 18
35269 35284 288
35280 35285 185
35310 35360 48
35310 35317 36
35329 35346 289
35348 35384 188
35375 35411 214
35396 35441 168
35399 35437 232
35423 35438 280
35441 35485 10
35451 35493 286
35466 35476 242
35481 35526 125
35487 35512 75
35497 35502 51
35516 35552 267
35546 35557 135
35572 35576 270
35582 35596 68
35603 35650 87
35633 35637 145
35652 35656 217
35676 35707 266
35703 35710 51
35727 35776 138
35751 35795 164
35776 35794 246
35802 35838 88
35830 35863 245
35837 35850 11
35862 35866 71
35867 35890 7
35883 35903 12
35898 35917 182
35923 35939 228
35951 35984 7
35981 35985 13
36003 36043 46
36033 36041 123
36040 36069 151
36061 36075 44
36062 36080 222
36086 36128 183
36092 36125 112
36119 36164 280
36133 36156 225
36159 36176 278
36159 36167 289
36182 36230 269
36207 36230 163
36229 36230 105
36233 36273 119
36245 36285 85
36266 36293 102
36273 36323 267
36298 36318 276
36309 36327 124
36323 36340 21
36328 36364 71
36330 36337 90
36343 36363 273
36372 36418 65
36383 36385 152
36412 36423 10
36412 36437 67
36440 36464 104
36456 36472 205
36468 36497 162
36470 36481 170
36473 36504 267
36495 36497 113
36520 36562 103
36530 36562 287
36553 36587 209
36566 36570 11
36589 36624 37
36611 36629 219
36634 36647 17
36646 36682 261
36675 36716 298
36703 36732 248
36721 36762 219
36731 36759 286
36741 36745 16
36745 36788 70
36769 36802 237
36769 36816 266
36770 36775 7
36793 36823 37
36821 36851 179
36843 36848 43
36865 36914 154
36895 36932 293
36895 36917 101
36895 36932 26
36917 36941 100
36946 36963 42
36957 36996 294
36962 36997 21
36989 37030 282
37017 37048 92
37037 37065 266
37037 37038 147
37040 37041 181
37047 37081 20
37059 37071 99
37073 37119 294
37079 37098 176
37080 37110 59
37105 37142 120
37112 37141 118
37133 37148 152
37159 37194 45
37172 37175 57
37185 37199 38
37212 37253 162
37224 37225 238
37244 37247 45
37270 37305 164
37270 37306 292
37289 37323 103
37289 37333 245
37299 37340 81
37325 37375 130
37325 37359 49
37327 37373 54
37344 37353 175
37362 37411 9
37378 37416 217
37394 37398 291
37412 37436 30
37421 37468 200
37429 37437 13
37445 37453 62
37467 37504 133
37490 37496 254
37495 37500 101
37506 37530 113
37534 37583 43
37536 37583 79
37561 37588 187
37587 37601 253
37615 37633 60
37645 37682 170
37645 37652 241
37658 37703 181
37685 37728 29
37712 37722 118
37731 37761 267
37757 37779 66
37764 37780 253
37790 37832 221
37798 37811 118
37810 37822 245
37828 37860 5
37850 37871 99
37874 37891 245
37897 37920 220
37904 37911 165
37923 37943 184
37940 37988 255
37957 37971 271
37972 38009 199
37993 38020 244
38007 38026 47
38025 38068 172
38026 38027 249
38038 38058 223
38068 38098 228
38086 38098 274
38110 38134 26
38117 38137 166
38128 38139 259
38143 38176 11
38163 38188 92
38183 38223 5
38186 38220 56
38216 38258 202
38239 38245 34
38252 38294 102
38277 38282 273
38278 38318 3
38293 38306 126
38321 38329 297
38339 38343 82
38348 38394 138
38367 38387 223
38395 38439 85
38413 38417 119
38436 38461 27
38450 38466 234
38463 38509 11
38472 38489 55
38473 38512 66
38475 38502 284
38505 38527 45
38524 38556 206
38525 38528 109
38526 38538 164
38542 38554 99
38555 38569 117
38575 38610 7
38579 38600 136
38586 38608 21
38586 38597 68
38615 38636 254
38617 38634 282
38631 38654 7
38633 38641 183
38639 38668 80
38660 38685 120
38676 38701 277
38683 38688 36
38704 38747 71
38722 38758 185
38740 38780 243
38766 38794 156
38793 38841 204
38815 38840 243
38820 38826 228
38838 38870 2
38856 38881 232
38879 38903 249
38895 38931 69
38915 38930 63
38920 38941 226
38934 38945 150
38934 38955 241
38940 38979 163
38954 39001 285
38959 39007 179
38962 38999 176
38971 38995 275
38996 39024 126
38997 39038 38
39022 39048 247
39049 39079 179
39079 39088 74
39108 39152 223
39128 39163 28
39145 39151 102
39148 39157 183
39154 39188 42
39165 39191 255
39170 39212 55
39174 39213 8
39184 39227 137
39186 39229 79
39200 39249 5
39230 39252 234
39238 39285 205
39256 39292 246
39286 39307 128
39310 39351 43
39332 39367 2
39340 39372 220
39357 39370 53
39362 39373 141
39378 39394 192
39392 39420 50
39421 39430 194
39431 39446 142
39444 39473 164
39445 39471 286
39447 39491 142
39463 39497 61
39478 39506 268
39500 39512 261
39511 39521 146
39518 39564 124
39523 39544 244
39544 39555 213
39564 39581 178
39580 39585 292
39590 39599 83
39591 39593 152
39611 39625 250
39623 39628 14
39632 39682 297
39651 39683 261
39652 39700 90
39670 39695 202
39697 39727 132
39702 39751 53
39718 39735 171
39743 39763 154
39771 39819 160
39773 39816 213
39801 39815 129
39829 39863 269
39839 39881 74
39852 39868 216
39875 39908 137
39902 39932 161
39915 39943 259
39924 39954 273
39949 39970 297
39975 40025 70
39986 40031 205
39998 40014 223
40020 40041 271
40020 40058 69
40020 40066 205
40039 40065 259
40069 40094 223
40072 40101 152
40084 40124 166
40085 40100 146
40097 40128 11
40123 40165 229
40148 40154 1
40153 40197 212
40171 40205 223
40187 40215 285
40199 40236 44
40214 40251 105
40238 40277 100
40255 40297 269
40276 40312 151
40305 40306 54
40325 40370 68
40342 40381 275
40371 40396 85
40389 40423 217
40409 40422 249
40424 40474 20
40432 40449 77
40442 40482 263
40450 40462 97
40468 40507 172
40470 40471 36
40473 40520 174
40486 40510 171
40514 40557 236
40542 40572 97
40554 40596 45
40563 40597 52
40587 40599 76
40616 40663 269
40624 40656 122
40624 40626 85
40633 40634 300
40660 40682 7
40671 40702 246
40689 40707 32
40699 40726 33
40704 40753 287
40729 40747 148
40749 40767 50
40772 40793 70
40792 40809 157
40820 40829 156
40840 40844 26
40843 40891 145
40859 40878 253
40879 40902 37
40894 40935 9
40909 40954 189
40914 40943 256
40914 40959 201
40943 40988 198
40971 41010 43
40982 40989 165
41010 41035 13
41038 41073 206
41043 41068 31
41054 41096 100
41078 41082 150
41105 41134 162
41125 41168 199
41155 41189 86
41161 41181 233
41171 41185 28
41173 41207 127
41176 41220 68
41190 41192 192
41197 41217 9
41198 41199 126
41215 41223 223
41221 41223 80
41245 41262 51
41258 41280 184
41272 41307 221
41300 41343 7
41303 41317 196
41307 41309 120
41335 41371 41
41356 41357 280
41379 41420 136
41402 41424 141
41403 41453 137
41420 41449 249
41432 41474 182
41462 41478 35
41465 41509 199
41480 41512 37
41482 41494 42
41482 41502 287
41504 41539 175
41509 41532 80
41511 41546 193
41533 41567 144
41555 41562 249
41564 41599 233
41564 41580 219
41576 41602 208
41581 41611 286
41588 41613 291
41592 41629 150
41622 41630 96
41650 41675 232
41669 41710 97
41675 41722 15
41697 41712 33
41713 41758 165
41727 41750 10
41756 41774 156
41776 41813 222
41788 41833 208
41790 41824 119
41809 41859 290
41809 41844 16
41822 41836 230
41835 41863 5
41839 41843 48
41862 41880 201
41882 41906 140
41898 41904 194
41901 41946 114
41928 41969 236
41945 41956 137
41956 41969 14
41986 42017 261
41996 41999 251
41998 42034 213
42019 42032 29
42038 42078 232
42042 42060 144
42063 42076 199
42077 42085 300
42096 42140 67
42100 42117 128
42112 42130 252
42126 42131 115
42132 42176 195
42143 42149 2
42151 42154 148
42175 42200 29
42189 42196 130
42208 42211 96
42224 42235 183
42254 42257 144
42260 42303 144
42261 42298 58
42285 42296 89
42302 42324 57
42327 42365 207
42351 42367 159
42376 42426 49
42398 42424 212
42419 42450 251
42425 42456 185
42450 42474 115
42466 42497 183
42489 42513 201
42503 42516 154
42516 42553 190
42545 42578 52
42558 42563 249
42564 42578 122
42570 42573 192
42579 42601 130
42589 42639 115
42591 42630 79
42610 42643 50
42619 42659 208
42627 42662 55
42650 42699 34
42663 42704 46
42681 42723 167
42684 42691 61
42697 42719 135
42727 42734 199
42738 42771 205
42743 42772 286
42748 42797 53
42775 42784 236
42800 42824 92
42814 42838 43
42818 42860 260
42839 42889 169
42855 42878 166
42871 42903 134
42872 42909 5
42883 42900 292
42886 42906 57
42895 42898 280
42914 42955 294
42933 42937 18
42940 42974 122
42962 42975 272
42992 43020 243
42995 43008 59
43006 43020 231
43025 43058 88
43055 43104 125
43076 43105 253
43093 43133 59
43116 43137 103
43134 43183 54
43144 43181 134
43161 43170 158
43187 43231 235
43195 43210 213
43224 43241 203
43251 43291 38
43275 43300 164
43287 43296 160
43303 43309 293
43315 43334 137
43333 43334 70
43334 43354 168
43345 43392 54
43368 43391 137
43368 43410 98
43371 43406 82
43398 43424 144
43422 43433 54
43445 43482 45
43456 43465 50
43479 43511 87
43499 43537 289
43508 43539 232
43526 43576 3
43542 43559 253
43560 43568 171
43564 43573 266
43575 43586 37
43589 43637 16
43608 43652 24
43615 43661 155
43634 43650 111
43653 43659 299
43675 43686 217
43691 43705 95
43696 43746 148
43726 43732 148
43730 43744 31
43756 43792 65
43771 43820 201
43798 43838 72
43804 43843 259
43806 43822 242
43811 43854 169
43814 43849 109
43821 43824 116
43834 43849 87
43850 43874 71
43873 43908 236
43900 43928 96
43925 43965 124
43926 43936 106
43955 43976 28
43962 43976 104
43973 44002 256
43997 44041 77
44003 44043 65
44017 44042 192
44034 44041 195
44042 44065 7
44068 44090 98
44076 44095 146
44095 44106 153
44124 44139 299
44152 44170 237
44152 44184 199
44163 44198 106
44163 44180 275
44170 44172 154
44171 44199 74
44175 44203 144
44189 44238 238
44212 44246 100
44229 44278 86
44248 44251 164
44253 44281 85
44270 44288 66
44272 44274 2
44300 44326 104
44308 44337 170
44337 44351 49
44354 44365 197
44373 44384 150
44388 44403 119
44411 44437 87
44415 44450 202
44431 44437 70
44442 44475 127
44457 44504 156
44472 44507 86
44478 44483 261
44486 44511 16
44507 44553 182
44533 44576 281
44562 44582 121
44572 44612 261
44577 44608 10
44582 44596 85
44583 44589 86
44589 44620 246
44600 44636 148
44617 44635 292
44638 44649 135
44641 44680 286
44671 44683 235
44683 44725 204
44710 44737 204
44719 44726 239
44747 44774 149
44771 44784 148
44786 44829 22
44799 44839 141
44803 44846 107
44805 44829 225
44832 44841 174
44841 44882 73
44860 44879 216
44873 44917 6
44889 44911 202
44889 44908 194
44913 44941 30
44932 44971 158
44957 44982 133
44975 44997 86
44982 45011 85
45008 45015 125
45017 45049 135
45033 45035 34
45060 45104 132
45080 45126 31
45106 45121 123
45122 45145 81
45148 45161 265
45157 45194 253
45162 45199 294
45173 45216 181
45192 45193 162
45205 45211 33
45217 45243 291
45245 45266 183
45264 45266 53
45288 45312 130
45295 45298 188
45300 45350 49
45327 45354 197
45344 45349 77
45374 45411 58
45381 45429 41
45398 45404 207
45425 45440 77
45448 45467 24
45460 45501 243
45490 45507 242
45515 45530 261
45526 45561 299
45536 45541 203
45553 45591 231
45568 45588 287
45576 45619 120
45603 45630 24
45614 45628 153
45631 45667 50
45650 45692 126
45672 45718 96
45702 45748 40
45731 45759 246
45747 45789 56
45762 45786 20
45776 45818 235
45795 45811 14
45823 45851 79
45843 45859 136
45858 45870 69
45875 45891 295
45876 45886 92
45892 45912 105
45898 45943 270
45902 45921 170
45916 45964 296
45922 45938 190
45942 45991 207
45952 45970 91
45979 45984 70
46002 46021 152
46011 46036 127
46031 46049 141
46057 46063 104
46069 46106 5
46070 46088 282
46082 46111 125
46083 46086 279
46104 46114 132
46110 46158 187
46137 46168 4
46165 46191 251
46172 46212 130
46200 46236 136
46200 46212 222
46210 46250 230
46237 46243 216
46240 46255 97
46270 46306 281
46277 46284 102
46281 46323 59
46305 46337 39
46322 46363 22
46341 46355 62
46359 46402 130
46378 46415 213
46378 46383 259
46398 46441 209
46404 46441 1
46431 46454 233
46442 46455 228
46459 46478 18
46467 46471 11
46468 46469 138
46480 46526 183
46486 46521 19
46494 46522 43
46501 46541 20
46527 46573 255
46531 46544 56
46548 46598 273
46565 46609 217
46574 46615 64
46576 46600 73
46576 46594 187
46576 46611 294
46576 46598 52
46592 46637 82
46616 46648 110
46646 46689 137
46655 46704 157
46672 46682 179
46677 46694 133
46707 46727 147
46714 46737 25
46728 46776 157
46744 46785 67
46744 46759 137
46770 46791 273
46797 46847 215
46801 46828 230
46816 46825 158
46825 46865 185
46831 46854 187
46856 46866 24
46871 46913 14
46876 46925 288
46900 46912 127
46926 46932 201
46951 46988 1
46956 46993 221
46958 46960 217
46963 46981 221
46989 46992 267
46992 47012 18
46994 47038 280
47021 47028 289
47030 47031 27
47045 47065 53
47065 47099 258
47078 47116 213
47083 47097 144
47090 47127 292
47112 47129 289
47135 47150 161
47146 47153 3
47153 47154 49
47167 47217 29
47185 47197 189
47201 47236 124
47224 47271 230
47234 47239 98
47238 47284 14
47256 47283 102
47274 47290 56
47303 47352 56
47310 47342 272
47338 47372 2
47360 47369 278
47362 47387 109
47379 47407 272
47397 47436 174
47405 47453 222
47406 47445 28
47433 47454 94
47462 47477 169
47487 47525 53
47507 47540 268
47537 47562 1
47542 47590 293
47567 47580 45
47586 47625 118
47590 47611 140
47615 47638 4
47617 47630 300
47628 47639 176
47646 47694 239
47654 47694 265
47675 47703 73
47675 47687 144
47699 47747 67
47721 47766 116
47730 47770 15
47752 47774 289
47781 47783 91
47791 47817 61
47813 47852 110
47828 47829 275
47832 47882 196
47861 47875 99
47888 47921 297
47896 47912 288
47907 47910 5
47908 47953 22
47937 47980 230
47957 48003 216
47970 48006 128
47984 48003 176
47990 47999 145
48011 48040 271
48013 48018 45
48022 48070 84
48043 48068 176
48069 48102 110
48072 48077 212
48077 48088 226
48104 48140 119
48111 48123 112
48119 48163 210
48121 48151 180
48142 48152 96
48158 48202 129
48160 48168 187
48182 48184 291
48188 48238 52
48200 48247 33
48216 48229 48
48241 48277 60
48254 48255 251
48255 48261 55
48270 48317 95
48282 48312 243
48299 48302 77
48315 48319 291
48334 48365 60
48353 48376 141
48356 48383 160
48377 48400 206
48395 48431 36
48425 48459 258
48441 48454 119
48464 48511 47
48468 48469 116
48482 48525 14
48492 48502 27
48508 48548 62
48521 48543 196
48527 48553 33
48557 48564 22
48586 48633 80
48600 48637 165
48616 48637 222
48637 48651 114
48666 48699 197
48682 48724 299
48689 48730 285
48703 48728 229
48733 48751 75
48740 48762 33
48758 48792 88
48775 48818 33
48775 48779 100
48799 48845 117
48824 48841 3
48849 48862 250
48877 48912 58
48885 48913 127
48893 48927 218
48911 48946 80
48912 48926 236
48936 48962 280
48954 48976 2
48963 48999 65
48988 49015 171
49003 49052 124
49004 49037 79
49019 49026 153
49025 49033 80
49036 49080 225
49065 49070 114
49076 49124 274
49088 49093 107
49113 49147 55
49127 49173 85
49139 49186 179
49143 49178 68
49159 49170 30
49160 49193 92
49185 49208 178
49198 49246 163
49199 49206 34
49212 49229 7
49226 49245 55
49243 49284 29
49253 49289 24
49257 49278 201
49270 49278 45
49275 49293 258
49288 49298 223
49302 49351 89
49320 49337 60
49322 49325 90
49348 49382 10
49369 49382 199
49386 49409 140
49387 49407 188
49404 49409 154
49415 49436 295
49441 49445 185
49456 49465 270
49460 49499 239
49469 49511 275
49482 49517 299
49508 49542 215
49527 49546 180
49550 49561 79
49557 49606 8
49572 49588 228
49574 49589 198
49603 49643 110
49623 49624 259
49635 49654 129
49648 49668 121
49666 49680 112
49679 49692 99
49690 49717 157
49718 49735 142
49723 49734 55
49736 49782 177
49737 49785 155
49767 49808 220
49795 49802 244
49811 49849 119
49828 49860 260
49847 49879 10
49867 49886 96
49884 49910 15
49910 49932 268
49939 49976 300
49963 49995 213
49979 49988 183
49988 50002 118
50007 50041 217
50021 50053 278
50029 50039 292
50036 50073 82
50038 50047 171
50045 50079 36
50046 50090 152
50054 50089 202
50074 50083 263
50079 50084 162
50085 50099 288
50095 50121 123
50123 50167 297
50123 50134 105
50138 50150 1
50156 50179 227
50175 50221 135
50204 50237 242
50212 50234 249
50231 50251 219
50241 50291 158
50269 50301 228
50273 50303 124
50284 50291 133
50297 50319 74
50322 50364 127
50352 50380 159
50368 50392 201
50397 50439 210
50419 50453 151
50423 50448 65
50434 50448 266
50453 50484 38
50474 50511 118
50496 50527 278
50498 50530 30
50526 50532 114
50546 50569 101
50546 50573 269
50565 50609 201
50580 50611 245
50592 50630 217
50611 50658 243
50611 50615 63
50616 50631 9
50618 50641 100
50631 50675 245
50632 50661 15
50658 50670 299
50681 50728 48
50683 50696 120
50691 50696 247
50718 50738 46
50725 50726 253
50730 50758 30
50746 50795 276
50761 50772 7
50764 50802 300
50774 50785 194
50800 50824 110
50827 50876 82
50830 50853 290
50838 50878 226
50863 50881 249
50867 50892 131
50877 50917 175
50907 50943 284
50935 50945 226
50946 50996 167
50950 50967 219
50977 51024 235
51007 51017 104
51026 51064 61
51030 51038 217
51048 51052 202
51062 51071 167
51092 51112 191
51101 51130 288
51107 51140 71
51136 51170 271
51161 51184 15
51173 51174 283
51183 51198 85
51194 51238 202
51221 51265 149
51226 51261 39
51237 51281 27
51258 51261 163
51265 51267 79
51276 51293 196
51304 51341 64
51313 51345 19
51314 51347 83
51317 51365 64
51323 51341 60
51344 51363 201
51370 51389 273
51387 51409 100
51388 51425 236
51388 51412 157
51396 51413 17
51402 51431 208
51420 51465 37
51441 51481 81
51445 51491 137
51469 51518 169
51473 51516 139
51498 51523 56
51503 51521 225
51514 51524 173
51536 51567 3
51548 51577 143
51548 51566 93
51570 51602 270
51571 51605 283
51581 51598 8
51586 51618 126
51601 51635 28
51616 51660 253
51616 51635 299
51643 51658 212
51664 51672 188
51673 51687 255
51697 51703 216
51709 51748 106
51718 51760 266
51746 51774 257
51769 51799 109
51790 51802 98
51804 51846 269
51811 51826 84
51822 51869 296
51825 51861 104
51841 51889 106
51865 51877 118
51881 51908 255
51905 51955 300
51915 51963 221
51929 51952 56
51959 51961 35
51964 51996 79
51990 52011 220
52006 52040 153
52027 52076 31
52034 52056 158
52044 52088 127
52064 52096 99
52065 52078 164
52086 52101 45
52095 52106 258
52105 52116 253
52130 52138 155
52144 52163 120
52155 52183 90
52162 52194 275
52190 52239 245
52219 52227 296
52230 52258 62
52254 52301 54
52278 52320 235
52297 52302 199
52299 52308 3
52317 52342 194
52344 52360 10
52357 52404 99
52387 52437 131
52396 52400 267
52406 52440 75
52430 52455 81
52436 52479 95
52456 52470 23
52482 52493 102
52502 52526 171
52512 52548 254
52531 52578 99
52560 52588 285
52573 52582 127
52590 52611 53
52594 52626 1
52604 52650 198
52624 52663 152
52634 52676 213
52652 52658 101
52658 52702 272
52660 52687 178
52686 52717 276
52687 52728 85
52698 52701 61
52716 52740 43
52726 52727 116
52746 52758 25
52754 52756 1
52775 52811 91
52802 52809 19
52819 52853 29
52840 52852 92
52867 52890 100
52869 52884 162
52887 52892 246
52914 52915 39
52929 52974 246
52948 52991 167
52961 52983 259
52982 53018 175
52997 53042 96
53003 53006 190
53027 53038 210
53041 53042 249
53066 53102 51
53069 53114 158
53088 53109 116
53090 53130 35
53105 53127 88
53118 53152 294
53141 53180 65
53155 53194 73
53176 53195 280
53187 53223 105
53190 53221 127
53196 53226 57
53218 53254 227
53225 53239 181
53250 53290 82
53280 53298 286
53293 53311 299
53307 53320 208
53307 53356 101
53321 53339 196
53327 53357 51
53352 53381 170
53367 53403 105
53392 53395 62
53420 53446 174
53424 53471 22
53448 53463 50
53460 53495 51
53486 53497 125
53511 53558 90
53512 53528 281
53525 53565 110
53525 53538 128
53533 53576 96
53533 53579 60
53553 53555 285
53562 53565 233
53584 53633 69
53611 53649 228
53617 53627 79
53621 53668 56
53621 53624 12
53638 53687 115
53643 53678 32
53651 53660 208
53667 53684 120
53677 53718 92
53692 53729 89
53692 53742 46
53721 53729 48
53742 53790 186
53769 53809 261
53784 53811 143
53809 53823 52
53815 53856 277
53824 53846 213
53840 53859 9
53848 53857 156
53861 53906 211
53873 53912 26
53879 53912 224
53904 53926 272
53924 53947 13
53946 53996 188
53958 53994 59
53959 53996 266
53980 53984 236
54000 54030 237
54025 54029 181
54030 54049 85
54057 54088 213
54072 54111 56
54096 54126 214
54103 54128 49
54110 54118 255
54128 54140 279
54128 54160 76
54148 54177 140
54161 54163 52
54173 54203 276
54195 54244 40
54218 54230 294
54228 54278 123
54238 54249 65
54263 54296 78
54266 54278 55
54290 54306 108
54315 54351 24
54344 54350 50
54372 54400 52
54379 54391 221
54405 54439 188
54429 54442 213
54429 54435 213
54429 54456 11
54442 54492 175
54458 54497 232
54474 54484 117
54480 54511 48
54508 54552 229
54522 54558 256
54530 54547 93
54530 54542 50
54535 54542 254
54552 54571 227
54578 54608 104
54579 54612 291
54607 54613 3
54623 54667 28
54623 54627 221
54653 54675 267
54676 54695 30
54696 54725 256
54710 54737 61
54723 54730 246
54735 54776 212
54742 54766 146
54758 54768 103
54767 54797 279
54770 54815 150
54796 54823 278
54814 54821 228
54814 54853 76
54817 54863 142
54829 54862 183
54837 54846 289
54855 54893 38
54868 54872 101
54888 54912 56
54911 54925 249
54924 54944 225
54941 54991 167
54941 54989 120
54961 55003 270
54966 54972 72
54994 55010 281
55001 55029 121
55012 55036 102
55026 55045 79
55030 55038 186
55041 55069 152
55059 55073 20
55066 55073 119
55088 55133 42
55105 55145 32
55105 55149 131
55124 55145 15
55127 55173 74
55144 55179 12
55171 55197 18
55174 55193 143
55193 55204 167
55209 55254 258
55237 55285 153
55242 55271 233
55265 55274 273
55271 55312 138
55295 55338 130
55300 55301 109
55304 55305 204
55327 55338 249
55327 55371 283
55327 55363 118
55339 55342 211
55341 55358 155
55353 55402 235
55371 55402 104
55391 55417 255
55420 55428 182
55450 55471 293
55478 55519 300
55508 55536 78
55522 55550 80
55548 55574 100
55558 55590 117
55567 55580 12
55593 55604 98
55613 55636 205
55623 55630 93
55653 55660 60
55660 55671 115
55673 55700 290
55676 55682 288
55698 55725 131
55715 55749 142
55718 55721 140
55728 55744 5
55745 55792 207
55756 55763 298
55781 55817 235
55787 55834 227
55804 55838 20
55815 55831 263
55836 55884 111
55845 55857 84
55849 55866 146
55852 55868 106
55852 55885 247
55870 55888 231
55881 55907 294
55911 55945 280
55921 55927 272
55941 55950 179
55954 55974 283
55969 55996 212
55994 56006 262
56024 56055 94
56024 56049 87
56027 56074 299
56045 56059 72
56066 56085 147
56086 56094 277
56102 56105 196
56116 56144 268
56119 56157 51
56122 56129 297
56151 56162 299
56171 56178 82
56188 56203 2
56208 56230 242
56223 56258 233
56230 56251 30
56236 56277 156
56253 56303 217
56259 56307 28
56259 56284 132
56271 56314 235
56301 56345 120
56327 56328 39
56341 56369 105
56341 56364 257
56359 56378 16
56378 56386 40
56383 56394 205
56395 56411 233
56409 56456 7
56435 56451 216
56446 56465 254
56468 56472 224
56488 56526 170
56517 56536 184
56535 56550 82
56564 56602 69
56590 56609 48
56597 56645 42
56620 56649 85
56645 56693 119
56647 56664 47
56667 56705 158
56693 56703 168
56700 56744 198
56710 56736 169
56719 56748 12
56731 56771 80
56761 56772 109
56761 56782 107
56771 56812 190
56789 56812 150
56790 56809 245
56811 56849 150
56839 56887 205
56866 56873 182
56878 56905 94
56892 56928 195
56893 56933 164
56897 56941 249
56921 56947 216
56950 56956 183
56950 56994 259
56970 56981 243
56980 57001 6
57000 57050 12
57025 57052 265
57029 57054 135
57046 57071 103
57063 57109 107
57074 57079 78
57095 57118 28
57123 57134 265
57153 57183 38
57164 57175 6
57182 57207 24
57192 57216 294
57222 57233 234
57224 57237 66
57239 57259 220
57242 57277 69
57268 57287 49
57277 57287 52
57292 57336 223
57309 57350 45
57325 57326 15
57347 57353 225
57375 57401 196
57383 57415 62
57391 57416 239
57409 57419 30
57415 57437 238
57415 57419 187
57436 57442 38
57440 57487 225
57450 57480 125
57466 57471 234
57478 57480 198
57485 57504 31
57508 57538 155
57511 57540 168
57513 57529 103
57525 57558 200
57532 57547 55
57533 57579 200
57560 57579 123
57566 57568 125
57582 57625 182
57609 57629 95
57614 57622 155
57623 57641 233
57633 57652 220
57639 57653 245
57669 57710 173
57672 57687 35
57693 57708 18
57695 57740 253
57725 57775 41
57739 57768 225
57749 57761 103
57758 57779 38
57773 57800 180
57778 57794 97
57805 57853 190
57820 57853 69
57827 57837 163
57854 57859 152
57872 57904 205
57879 57906 298
57897 57932 122
57909 57930 234
57909 57935 122
57916 57930 179
57946 57977 86
57974 57994 5
57979 58021 104
58002 58018 154
58015 58051 126
58033 58071 215
58047 58067 211
58049 58055 131
58068 58105 15
58094 58100 25
58104 58129 153
58134 58153 206
58141 58172 49
58152 58185 170
58162 58176 93
58178 58196 206
58180 58198 70
58198 58209 279
58207 58216 61
58231 58248 16
58239 58269 42
58248 58277 121
58272 58319 17
58280 58286 258
58288 58311 150
58308 58321 167
58318 58367 10
58321 58348 195
58337 58348 232
58352 58372 200
58373 58399 214
58373 58422 223
58393 58410 261
58401 58437 227
58401 58434 250
58428 58450 177
58449 58468 174
58449 58473 133
58462 58505 196
58462 58493 81
58478 58525 254
58508 58540 41
58515 58520 289
58543 58557 107
58566 58612 13
58572 58592 132
58585 58612 2
58602 58651 114
58622 58635 151
58640 58671 32
58660 58671 281
58666 58691 156
58682 58726 166
58689 58717 7
58719 58744 107
58746 58776 59
58768 58806 20
58777 58806 155
58793 58795 9
58802 58825 252
58832 58853 27
58844 58862 173
58870 58896 271
58891 58934 180
58904 58916 67
58934 58982 3
58961 58984 190
58989 59034 186
59013 59026 165
59021 59059 227
59027 59034 40
59042 59050 272
59056 59080 286
59069 59100 180
59089 59110 32
59098 59124 6
59127 59155 107
59132 59149 233
59152 59190 100
59180 59191 101
59194 59209 286
59203 59243 179
59214 59245 295
59237 59285 147
59238 59271 139
59243 59249 258
59270 59283 214
59287 59303 278
59303 59336 178
59312 59326 12
59325 59339 83
59349 59353 146
59363 59399 172
59384 59418 14
59399 59435 109
59412 59414 206
59432 59458 42
59445 59480 87
59458 59504 265
59469 59510 293
59480 59523 261
59510 59542 183
59519 59524 66
59524 59532 101
59534 59545 116
59564 59578 295
59573 59600 86
59585 59586 34
59595 59645 116
59600 59631 205
59626 59658 4
59635 59654 275
59660 59676 201
59683 59702 32
59711 59720 67
59726 59748 231
59751 59757 271
59778 59795 32
59788 59817 226
59789 59824 205
59793 59796 171
59812 59821 132
59815 59850 165
59821 59856 197
59841 59863 254
59848 59870 139
59853 59889 48
59853 59858 54
59872 59873 247
59874 59918 282
59894 59916 16
59917 59957 242
59944 59950 200
59955 59987 221
59966 60002 202
59975 60014 181
59991 60040 209
60018 60066 57
60048 60096 255
60071 60080 91
60073 60081 26
60090 60134 123
60111 60120 105
60123 60129 30
60123 60138 196
60137 60186 43
60162 60206 270
60183 60225 132
60203 60247 124
60213 60217 76
60228 60245 164
60233 60257 24
60245 60294 46
60271 60310 212
60291 60292 234
60296 60316 84
60300 60347 213
60327 60361 268
60357 60394 176
60375 60384 252
60381 60406 48
60406 60455 131
60433 60435 190
60443 60477 12
60452 60455 10
60452 60471 39
60481 60504 225
60487 60508 59
60502 60552 183
60518 60529 247
60531 60545 113
60553 60594 117
60569 60619 265
60595 60616 233
60623 60648 259
60635 60668 83
60652 60664 141
60679 60688 60
60692 60725 139
60713 60751 35
60735 60751 76
60749 60793 59
60770 60804 54
60778 60779 81
60797 60842 4
60817 60833 90
60826 60854 241
60836 60883 24
60853 60858 290
60879 60922 196
60905 60937 41
60934 60974 3
60948 60982 104
60948 60964 140
60960 60996 246
60974 61014 267
61003 61050 189
61018 61030 226
61024 61066 205
61045 61068 141
61057 61069 230
61082 61113 156
61092 61137 141
61101 61118 124
61126 61151 6
61137 61175 209
61138 61178 273
61144 61191 114
61164 61172 126
61190 61195 283
61212 61214 167
61224 61258 233
61225 61267 101
61240 61266 67
61262 61309 201
61274 61313 216
61297 61330 155
61324 61352 193
61325 61343 117
61340 61346 20
61361 61379 250
61379 61409 232
61394 61419 71
61397 61400 39
61418 61449 206
61419 61439 254
61430 61447 74
61436 61448 26
61440 61456 104
61457 61494 224
61459 61464 35
61464 61491 172
61471 61472 199
61481 61511 219
61509 61518 248
61534 61562 293
61564 61583 293
61586 61590 234
61615 61620 3
61636 61655 175
61637 61651 35
61654 61676 70
61655 61695 267
61667 61686 12
61691 61727 238
61721 61746 121
61751 61794 143
61779 61804 174
61782 61825 69
61797 61845 189
61824 61827 206
61833 61869 233
61855 61863 120
61878 61882 149
61892 61929 29
61894 61895 261
61907 61946 165
61914 61937 55
61944 61988 166
61944 61980 50
61972 62004 262
61998 62021 176
62011 62023 214
62036 62051 198
62046 62050 180
62065 62086 30
62076 62111 113
62093 62120 238
62097 62120 230
62116 62135 194
62124 62172 298
62145 62156 214
62166 62211 230
62170 62219 181
62191 62226 283
62199 62246 58
62205 62246 162
62208 62225 34
62217 62245 140
62233 62237 261
62249 62285 279
62278 62305 198
62302 62321 77
62328 62349 134
62358 62363 276
62375 62384 66
62399 62449 81
62419 62462 245
62437 62471 213
62463 62491 230
62488 62522 178
62497 62513 121
62513 62520 169
62539 62581 279
62568 62569 234
62589 62620 113
62608 62647 51
62611 62651 297
62629 62643 255
62649 62693 114
62655 62679 89
62685 62710 117
62705 62736 237
62726 62733 6
62732 62779 208
62760 62805 89
62775 62816 66
62799 62823 69
62800 62814 202
62813 62843 157
62819 62845 225
62842 62870 126
62871 62898 265
62879 62927 246
62907 62921 109
62933 62962 202
62953 62965 69
62983 63025 123
62997 63020 4
63002 63017 159
63024 63071 172
63035 63067 132
63059 63101 125
63082 63090 104
63106 63110 136
63123 63166 101
63132 63177 91
63150 63175 67
63179 63214 90
63204 63238 212
63212 63258 251
63227 63241 169
63227 63274 155
63240 63242 190
63270 63319 267
63297 63315 68
63324 63327 79
63341 63379 80
63370 63405 156
63376 63423 170
63393 63414 46
63396 63413 191
63423 63431 144
63438 63448 200
63465 63481 230
63485 63495 119
63513 63516 130
63514 63546 185
63538 63552 70
63551 63597 259
63574 63591 50
63596 63642 256
63596 63629 4
63605 63627 277
63631 63680 23
63636 63646 3
63646 63653 230
63663 63674 278
63691 63740 155
63721 63732 282
63746 63758 233
63768 63802 151
63780 63786 199
63803 63849 34
63831 63842 149
63841 63881 17
63871 63912 185
63898 63946 234
63909 63939 299
63924 63962 112
63942 63963 274
63955 63980 143
63970 64012 246
63984 63987 300
64004 64033 91
64030 64044 186
64053 64088 95
64068 64096 187
64094 64130 250
64121 64168 205
64134 64174 31
64159 64183 209
64159 64208 261
64173 64209 269
64188 64223 239
64215 64221 180
64234 64258 213
64262 64271 230
64271 64284 98
64281 64328 164
64303 64304 50
64314 64322 163
64334 64350 21
64339 64353 39
64342 64391 174
64345 64364 62
64364 64394 12
64386 64403 250
64393 64437 208
64408 64452 212
64413 64432 195
64434 64445 225
64448 64455 174
64468 64495 252
64497 64545 289
64521 64556 83
64545 64594 47
64571 64592 29
64573 64582 125
64591 64592 141
64621 64670 115
64628 64651 139
64629 64673 277
64645 64683 201
64652 64698 100
64660 64689 115
64669 64676 268
64679 64719 178
64700 64726 279
64719 64755 164
64745 64758 201
64755 64783 82
64782 64827 171
64788 64815 227
64789 64791 17
64799 64827 262
64819 64851 131
64846 64863 13
64874 64916 280
64876 64898 279
64893 64941 130
64907 64911 248
64927 64948 250
64945 64987 70
64962 64977 175
64979 65005 81
64981 64993 72
65008 65029 170
65009 65034 23
65021 65049 257
65033 65069 102
65062 65086 199
65083 65116 276
65089 65095 192
65102 65136 30
65116 65144 262
65142 65150 266
65162 65209 262
65188 65225 292
65198 65205 180
65207 65217 292
65229 65279 88
65255 65262 231
65280 65285 13
65295 65315 188
65324 65334 85
65338 65369 125
65358 65360 283
65359 65388 117
65377 65385 137
65392 65432 75
65402 65443 198
65429 65462 280
65446 65481 88
65459 65492 120
65464 65469 15
65472 65508 204
65479 65480 290
65494 65520 153
65501 65508 162
65528 65558 27
65551 65575 214
65556 65567 104
65573 65577 1
65596 65618 167
65622 65642 166
65649 65685 269
65678 65695 220
65707 65719 217
65722 65757 152
65723 65752 181
65733 65741 191
65749 65766 264
65775 65821 108
65794 65839 103
65805 65806 147
65831 65861 181
65858 65898 129
65876 65899 164
65887 65916 254
65897 65946 59
65897 65926 39
65904 65953 129
65911 65918 275
65912 65923 250
65942 65977 159
65963 65998 121
65987 65994 204
66017 66028 122
66042 66048 71
66060 66091 100
66065 66085 98
66071 66084 5
66073 66075 235
66095 66141 17
66125 66171 164
66133 66135 122
66138 66158 163
66160 66186 113
66166 66179 22
66177 66214 69
66181 66215 30
66195 66198 1
66196 66215 170
66219 66241 137
66236 66244 222
66247 66264 138
66253 66259 61
66256 66258 147
66286 66308 154
66312 66330 55
66337 66372 194
66344 66388 85
66360 66405 155
66375 66405 77
66380 66411 62
66386 66417 222
66386 66436 89
66415 66452 106
66426 66467 231
66450 66473 125
66455 66491 290
66467 66473 176
66497 66498 257
66497 66507 61
66499 66548 73
66511 66561 204
66534 66543 134
66562 66600 205
66580 66608 264
66608 66638 169
66619 66651 9
66643 66656 187
66665 66714 299
66669 66680 134
66671 66719 167
66701 66744 266
66724 66728 249
66747 66749 160
66769 66803 77
66781 66817 73
66788 66831 263
66789 66802 175
66815 66824 172
66842 66890 202
66867 66910 156
66897 66935 50
66921 66944 300
66937 66958 64
66956 66986 279
66980 66993 212
66990 67006 239
67004 67014 246
67025 67065 148
67050 67052 169
67080 67100 32
67087 67112 9
67108 67126 295
67137 67154 100
67165 67173 271
67169 67204 99
67186 67188 26
67216 67264 246
67220 67240 31
67236 67251 176
67265 67314 290
67292 67330 268
67305 67355 144
67331 67361 33
67356 67361 192
67370 67405 280
67388 67421 55
67403 67428 87
67411 67419 102
67425 67439 139
67450 67482 91
67456 67487 182
67464 67474 70
67465 67489 171
67472 67497 6
67489 67534 123
67506 67553 67
67530 67557 279
67534 67569 282
67558 67603 86
67569 67578 63
67591 67630 237
67617 67665 90
67645 67694 209
67657 67673 250
67663 67696 3
67677 67704 117
67682 67711 125
67699 67743 214
67709 67755 196
67714 67758 173
67727 67774 293
67751 67784 159
67762 67795 250
67765 67814 1
67769 67778 254
67796 67842 234
67812 67821 106
67824 67863 26
67830 67855 1
67847 67879 25
67869 67900 17
67892 67939 172
67919 67929 134
67942 67976 111
67962 67988 16
67967 67998 170
67983 68010 11
68005 68042 262
68013 68061 212
68042 68075 286
68060 68074 192
68087 68094 89
68109 68151 134
68139 68174 261
68159 68205 120
68173 68182 239
68183 68199 74
68186 68190 27
68210 68243 219
68234 68274 209
68263 68273 294
68282 68321 21
68295 68324 207
68319 68337 213
68349 68396 164
68359 68388 33
68384 68414 264
68400 68407 205
68404 68420 69
68428 68470 231
68455 68484 199
68477 68506 219
68504 68547 182
68508 68530 113
68520 68570 292
68520 68533 256
68538 68561 16
68557 68564 154
68582 68628 227
68599 68635 126
68599 68644 36
68614 68626 48
68641 68686 84
68665 68690 168
68695 68732 248
68717 68760 153
68721 68728 107
68730 68767 6
68746 68758 295
68770 68805 215
68777 68779 39
68777 68827 125
68784 68828 181
68789 68809 133
68808 68852 121
68829 68844 208
68858 68869 130
68888 68896 289
68917 68961 231
68921 68961 127
68932 68979 22
68950 68970 12
68952 69000 85
68956 68992 264
68975 69024 18
68994 69044 289
69004 69032 287
69007 69049 215
69018 69025 282
69028 69077 228
69032 69064 170
69051 69069 272
69078 69117 288
69093 69127 23
69103 69108 221
69112 69131 256
69136 69144 26
69143 69173 111
69164 69214 201
69188 69229 245
69189 69224 52
69210 69237 244
69240 69260 255
69260 69295 66
69274 69318 203
69296 69300 158
69321 69365 77
69346 69375 2
69350 69352 274
69357 69373 79
69362 69369 102
69383 69396 126
69391 69431 188
69402 69421 151
69408 69422 95
69433 69463 142
69463 69500 242
69470 69494 41
69485 69517 110
69488 69502 118
69509 69516 164
69529 69530 97
69547 69582 263
69550 69588 292
69564 69609 4
69585 69625 154
69610 69648 157
69631 69672 84
69652 69676 147
69681 69706 183
69687 69688 291
69703 69739 104
69705 69728 118
69711 69725 25
69717 69753 129
69735 69750 290
69759 69771 64
69774 69815 236
69795 69811 184
69807 69848 216
69837 69841 3
69860 69889 255
69863 69889 227
69870 69877 21
69890 69910 134
69905 69935 82
69928 69970 217
69952 69980 156
69968 70009 102
69995 70012 98
70006 70015 26
70022 70035 15
70023 70052 300
70053 70055 228
70074 70122 80
70086 70126 283
70095 70134 291
70095 70131 185
70113 70116 280
70119 70169 31
70132 70159 246
70140 70165 35
70142 70157 100
70161 70205 216
70177 70224 7
70206 70215 112
70206 70232 69
70232 70253 63
70254 70262 36
70273 70289 149
70300 70337 229
70306 70324 155
70320 70323 67
70348 70360 290
70371 70406 228
70374 70420 174
70389 70412 25
70392 70401 47
70422 70424 87
70427 70458 194
70448 70465 273
70465 70469 76
70488 70510 274
70501 70530 21
70510 70538 181
70529 70531 77
70543 70578 172
70554 70583 111
70557 70598 46
70583 70633 55
70612 70631 292
70637 70662 114
70665 70668 176
70676 70677 52
70685 70709 282
70691 70705 70
70699 70722 4
70708 70714 224
70729 70749 64
70738 70786 53
70761 70810 196
70764 70794 119
70788 70790 35
70805 70816 239
70834 70838 193
70859 70896 190
70869 70886 222
70879 70890 182
70891 70930 123
70909 70931 290
70917 70922 207
70934 70978 9
70942 70943 260
70949 70962 26
70955 70987 175
70977 71009 287
70991 71035 218
71012 71038 110
71030 71055 165
71042 71046 21
71066 71090 37
71092 71139 40
71110 71158 212
71126 71140 247
71146 71147 65
71150 71190 116
71159 71191 145
71182 71223 300
71191 71241 112
71192 71222 3
71200 71243 281
71202 71242 181
71228 71229 209
71228 71265 139
71250 71255 295
71257 71272 93
71270 71293 145
71270 71281 209
71290 71337 261
71310 71314 144
71317 71341 237
71328 71370 18
71351 71363 24
71364 71413 227
71370 71395 39
71373 71400 128
71401 71420 204
71402 71445 256
71404 71418 247
71421 71456 20
71440 71443 111
71469 71472 132
71490 71531 102
71495 71502 175
71496 71505 300
71512 71535 220
71520 71524 214
71539 71551 229
71545 71561 266
71565 71578 31
71580 71606 227
71609 71641 193
71624 71673 278
71651 71697 43
71656 71660 174
71670 71695 240
71697 71744 61
71711 71732 287
71736 71781 295
71762 71798 176
71780 71828 98
71805 71855 178
71819 71842 95
71847 71876 119
71872 71920 198
71890 71891 108
71914 71956 290
71926 71940 160
71941 71953 66
71955 72003 279
71961 71982 193
71990 72017 236
71995 72009 114
72003 72040 142
72011 72049 75
72028 72032 266
72046 72059 208
72059 72068 214
72063 72083 54
72073 72109 231
72099 72104 235
72108 72110 152
72125 72166 290
72147 72168 45
72166 72204 292
72171 72186 176
72177 72216 249
72207 72211 81
72225 72253 102
72237 72260 206
72240 72241 67
72263 72301 17
72291 72312 261
72310 72345 187
72335 72346 255
72359 72389 89
72362 72403 20
72363 72371 250
72386 72426 89
72393 72429 180
72393 72414 19
72412 72455 56
72436 72442 240
72452 72493 35
72474 72502 6
72485 72528 226
72491 72532 273
72492 72503 140
72500 72501 91
72502 72505 125
72519 72549 182
72537 72565 176
72546 72566 143
72574 72602 115
72586 72602 151
72591 72595 24
72621 72655 21
72643 72669 45
72646 72661 40
72675 72711 65
72698 72730 117
72699 72721 4
72715 72727 209
72727 72728 181
72728 72770 239
72730 72760 19
72740 72745 218
72740 72776 62
72754 72799 221
72774 72808 247
72792 72798 49
72800 72849 237
72810 72817 27
72827 72829 79
72833 72883 152
72857 72874 80
72877 72925 286
72895 72934 109
72913 72942 112
72913 72943 72
72924 72929 7
72954 72989 246
72962 72965 189
72987 73016 298
72992 73014 237
72999 73018 96
73013 73034 278
73033 73073 214
73058 73107 130
73060 73090 30
73083 73088 191
73111 73127 209
73126 73148 148
73134 73147 267
73145 73168 226
73145 73192 294
73169 73219 278
73186 73188 136
73194 73211 211
73207 73225 83
73215 73227 233
73232 73240 277
73248 73283 44
73255 73285 296
73270 73312 163
73286 73311 227
73299 73342 221
73321 73360 117
73340 73380 96
73342 73374 288
73360 73395 66
73377 73382 121
73399 73440 83
73417 73418 76
73428 73468 267
73428 73430 203
73438 73443 268
73455 73500 222
73480 73518 230
73486 73530 208
73497 73504 89
73527 73566 77
73555 73572 170
73559 73602 228
73583 73609 91
73591 73619 163
73605 73627 240
73616 73640 238
73639 73648 242
73644 73678 187
73670 73712 37
73689 73696 65
73711 73729 157
73711 73746 158
73731 73762 142
73758 73790 37
73773 73816 69
73794 73800 244
73809 73856 278
73825 73858 246
73834 73870 51
73834 73880 100
73860 73861 18
73867 73874 38
73867 73896 265
73884 73919 115
73896 73937 3
73915 73957 14
73945 73947 295
73960 73968 217
73971 73972 109
73980 74030 149
73987 73995 140
74000 74035 284
74006 74034 4
74036 74048 271
74037 74057 185
74056 74100 35
74067 74107 24
74092 74100 252
74122 74166 253
74129 74133 27
74151 74175 52
74162 74164 42
74176 74212 247
74201 74217 264
74223 74225 20
74226 74252 169
74248 74282 277
74254 74267 71
74271 74272 17
74277 74294 119
74280 74297 248
74295 74322 5
74315 74358 173
74328 74378 295
74354 74358 131
74381 74421 299
74389 74415 81
74417 74466 144
74419 74428 274
74421 74435 117
74448 74485 182
74465 74491 41
74490 74492 51
74515 74539 187
74523 74571 24
74549 74583 198
74558 74602 30
74567 74585 43
74576 74589 237
74602 74609 36
74623 74652 284
74629 74671 183
74631 74670 175
74640 74642 266
74665 74683 105
74675 74694 292
74680 74697 154
74684 74692 254
74712 74749 127
74723 74733 197
74724 74749 193
74731 74778 128
74755 74803 53
74764 74804 20
74772 74816 123
74789 74823 38
74810 74816 269
74835 74849 32
74865 74881 272
74889 74917 135
74902 74941 208
74925 74973 104
74927 74937 37
74957 74988 26
74974 75017 181
74984 74994 297
75000 75031 63
75020 75028 195
75026 75072 138
75035 75082 224
75037 75072 38
75043 75053 101
75073 75074 90
75103 75150 299
75106 75133 296
75111 75118 70
75134 75139 1
75136 75179 234
75142 75159 255
75164 75184 43
75183 75198 161
75208 75241 231
75229 75273 37
75233 75273 108
75250 75287 190
75259 75261 260
75286 75324 203
75287 75314 28
75314 75330 243
75338 75340 106
75357 75402 248
75361 75403 74
75361 75383 284
75368 75411 51
75389 75427 94
75411 75443 208
75438 75443 268
75443 75492 293
75444 75446 186
75446 75449 300
75469 75473 224
75485 75491 98
75505 75551 86
75507 75512 154
75536 75577 228
75552 75568 174
75559 75585 297
75573 75586 84
75587 75618 175
75596 75644 17
75612 75617 1
75642 75692 34
75649 75683 39
75678 75680 24
75699 75723 56
75702 75741 107
75721 75735 223
75722 75749 289
75723 75742 284
75733 75771 80
75763 75784 164
75779 75820 85
75780 75781 285
75795 75836 286
75804 75840 238
75824 75843 41
75839 75861 100
75848 75852 190
75854 75876 53
75871 75919 236
75878 75893 178
75904 75953 147
75932 75935 285
75932 75961 168
75935 75936 197
75959 75982 197
75971 76004 133
75984 76022 177
76012 76056 141
76026 76062 293
76051 76084 42
76079 76108 136
76104 76144 163
76108 76151 158
76134 76182 225
76155 76189 277
76158 76205 80
76166 76188 196
76192 76223 210
76198 76244 85
76220 76237 292
