5000
20 64 13
22 68 181
50 77 187
53 97 72
65 103 237
89 139 299
100 105 31
120 139 113
133 134 42
163 164 293
177 192 100
177 181 67
198 203 138
210 253 70
237 240 237
255 289 242
276 280 25
285 288 71
308 327 79
333 348 165
337 371 125
342 385 106
357 401 268
370 418 53
387 434 35
390 392 123
392 406 165
409 418 292
439 450 259
469 493 124
484 527 52
513 553 24
521 536 22
537 565 66
555 572 177
569 592 94
589 625 261
596 622 115
622 666 77
638 672 262
656 697 14
666 670 43
668 694 22
670 691 207
682 710 269
686 734 63
709 754 128
713 751 208
731 758 218
748 766 274
759 771 243
770 801 107
798 813 80
798 805 184
819 860 65
837 847 195
846 870 13
869 888 99
872 899 291
901 951 82
902 906 5
917 959 28
947 979 85
970 1017 270
988 1008 61
1003 1029 222
1005 1052 61
1025 1061 169
1031 1040 144
1038 1039 197
1066 1113 146
1096 1136 209
1118 1121 284
1140 1158 297
1151 1183 96
1168 1169 140
1182 1225 27
1201 1237 230
1225 1237 114
1248 1281 142
1275 1283 288
1289 1337 228
1292 1334 21
1320 1345 3
1324 1347 31
1332 1377 108
1349 1383 257
1351 1397 110
1363 1377 44
1385 1401 260
1397 1404 80
1409 1413 124
1428 1466 142
1455 1485 125
1456 1464 193
1462 1473 261
1473 1489 77
1493 1495 109
1522 1568 27
1534 1540 67
1550 1553 262
1571 1600 226
1598 1642 294
1602 1650 202
1619 1634 262
1635 1637 295
1655 1699 178
1680 1690 106
1696 1726 137
1720 1732 177
1729 1767 34
1747 1773 93
1775 1777 235
1788 1812 237
1808 1841 266
1810 1821 193
1835 1883 112
1862 1895 96
1875 1923 148
1877 1904 281
1886 1927 60
1907 1950 75
1918 1937 89
1948 1974 100
1948 1997 222
1969 1991 203
1985 2009 208
2003 2025 263
2009 2053 283
2028 2064 245
2053 2103 247
2067 2071 84
2077 2112 71
2099 2106 14
2123 2144 198
2124 2127 197
2153 2176 9
2180 2197 73
2191 2196 71
2195 2232 193
2198 2223 207
2218 2248 94
2231 2236 202
2250 2270 141
2254 2287 231
2255 2281 139
2261 2273 96
2281 2312 232
2294 2328 119
2301 2336 194
2328 2366 27
2337 2348 16
2338 2350 287
2349 2386 294
2378 2425 92
2390 2398 93
2420 2453 23
2436 2443 298
2447 2465 11
2452 2485 63
2479 2488 272
2500 2533 170
2504 2518 167
2526 2531 47
2548 2552 42
2553 2559 93
2561 2576 98
2574 2600 153
2578 2604 79
2589 2594 275
2590 2594 259
2597 2621 176
2613 2640 297
2632 2635 72
2648 2665 53
2661 2688 178
2669 2676 171
2671 2679 26
2694 2703 204
2704 2713 278
2728 2738 190
2747 2786 93
2748 2787 206
2763 2813 236
2779 2780 52
2801 2848 13
2813 2819 18
2816 2857 202
2827 2870 80
2855 2903 157
2874 2898 256
2879 2914 206
2899 2928 268
2920 2938 86
2930 2971 29
2950 2974 216
2958 3006 14
2973 3013 110
2996 3016 151
3018 3063 224
3042 3057 118
3051 3094 261
3067 3114 173
3083 3106 173
3096 3108 288
3122 3168 15
3141 3179 43
3170 3177 187
3186 3212 252
3214 3225 48
3214 3220 113
3231 3245 82
3257 3287 248
3264 3306 244
3269 3316 278
3294 3311 146
3313 3347 233
3319 3334 226
3320 3331 282
3335 3352 169
3362 3398 11
3366 3383 52
3388 3400 220
3401 3450 30
3421 3464 154
3450 3491 185
3464 3471 172
3489 3528 257
3503 3522 253
3521 3550 151
3526 3561 171
3536 3577 260
3538 3575 133
3546 3589 228
3560 3590 288
3588 3606 138
3603 3616 288
3621 3627 192
3646 3652 88
3675 3676 31
3677 3681 109
3693 3710 73
3698 3742 255
3728 3760 243
3755 3758 246
3768 3801 251
3770 3794 254
3785 3817 198
3804 3828 232
3805 3822 188
3832 3851 158
3845 3877 295
3865 3884 209
3882 3905 24
3889 3904 116
3911 3950 53
3934 3978 132
3956 4004 239
3964 3965 149
3973 3997 21
3993 4028 61
4018 4038 67
4023 4060 199
4046 4075 198
4072 4113 159
4085 4117 122
4095 4135 68
4116 4150 203
4136 4149 22
4154 4155 105
4162 4182 283
4163 4180 140
4175 4200 206
4186 4190 28
4208 4243 154
4238 4268 236
4252 4293 117
4278 4290 51
4306 4338 201
4320 4367 87
4337 4387 102
4338 4376 16
4343 4388 134
4366 4413 268
4369 4419 286
4396 4398 156
4398 4428 191
4406 4430 200
4415 4448 125
4420 4425 278
4432 4433 120
4449 4487 271
4462 4474 132
4479 4512 148
4507 4517 106
4526 4567 92
4534 4549 94
4548 4595 75
4569 4616 3
4585 4618 206
4597 4609 54
4625 4655 80
4629 4673 143
4634 4653 207
4648 4694 213
4675 4692 216
4689 4704 271
4718 4737 155
4724 4752 34
4752 4783 3
4776 4790 184
4780 4812 43
4810 4824 103
4829 4873 146
4846 4879 22
4855 4879 1
4884 4918 229
4896 4908 24
4898 4909 209
4907 4939 128
4934 4953 233
4944 4969 59
4961 5007 173
4969 4980 189
4989 5000 67
5005 5039 156
5009 5028 186
5021 5040 14
5047 5055 215
5054 5055 137
5083 5127 122
5110 5114 293
5117 5128 263
5122 5158 204
5142 5160 89
5169 5219 51
5174 5179 69
5204 5242 216
5220 5237 185
5241 5263 289
5253 5279 39
5281 5290 85
5299 5346 261
5320 5353 189
5324 5357 70
5326 5355 239
5349 5388 156
5359 5393 127
5375 5403 160
5395 5440 63
5404 5441 123
5432 5462 163
5459 5484 163
5478 5479 169
5487 5505 161
5512 5528 204
5532 5544 277
5535 5584 29
5562 5611 213
5587 5600 256
5604 5654 76
5604 5650 131
5616 5637 15
5641 5659 298
5641 5674 96
5654 5687 291
5683 5730 256
5688 5718 112
5689 5727 78
5700 5727 114
5714 5742 36
5744 5762 165
5756 5793 260
5780 5818 213
5802 5836 70
5812 5826 168
5829 5843 273
5847 5883 134
5856 5861 124
5856 5864 237
5876 5915 111
5886 5916 67
5891 5940 288
5910 5950 232
5913 5925 180
5923 5968 212
5935 5948 35
5942 5981 279
5952 5985 45
5966 6013 215
5972 6012 4
5982 6017 199
5985 6003 44
6013 6060 15
6016 6022 120
6028 6060 5
6037 6049 29
6048 6092 192
6075 6121 134
6104 6139 171
6105 6141 44
6123 6140 87
6153 6176 183
6158 6170 293
6160 6202 125
6179 6192 197
6204 6238 152
6216 6255 86
6229 6251 163
6246 6292 273
6263 6303 221
6286 6327 251
6287 6329 154
6315 6341 139
6333 6350 81
6350 6380 74
6354 6377 158
6361 6393 156
6391 6437 68
6407 6425 275
6426 6455 16
6440 6485 16
6449 6494 238
6456 6473 245
6482 6525 188
6507 6513 266
6530 6539 2
6535 6561 222
6547 6591 4
6564 6598 76
6581 6600 172
6586 6598 259
6601 6608 99
6602 6614 120
6607 6633 90
6630 6679 98
6635 6638 11
6649 6664 191
6660 6676 200
6674 6716 284
6679 6680 277
6681 6706 240
6681 6691 53
6694 6702 163
6695 6712 11
6712 6738 39
6723 6770 194
6746 6775 254
6773 6776 64
6803 6812 116
6825 6826 232
6852 6870 286
6866 6881 199
6876 6879 28
6893 6936 259
6919 6957 253
6939 6953 11
6956 7005 104
6961 7000 88
6988 7005 69
7011 7047 136
7032 7056 68
7054 7057 270
7071 7110 113
7078 7126 179
7091 7107 31
7091 7133 98
7102 7122 199
7124 7172 298
7134 7139 260
7136 7145 74
7141 7157 32
7148 7161 117
7163 7190 217
7185 7210 246
7194 7196 81
7199 7249 293
7227 7275 9
7242 7265 59
7258 7283 204
7259 7278 206
7265 7275 110
7272 7301 120
7287 7317 262
7314 7330 61
7335 7379 181
7341 7374 297
7360 7408 268
7378 7390 128
7398 7446 280
7402 7419 124
7418 7427 99
7441 7448 88
7471 7505 89
7471 7509 161
7473 7482 93
7497 7506 47
7514 7542 243
7535 7584 88
7555 7603 258
7561 7603 124
7582 7612 283
7612 7615 110
7616 7643 19
7642 7678 15
7648 7677 1
7661 7700 185
7679 7720 129
7708 7719 249
7738 7763 191
7739 7751 233
7762 7780 145
7773 7809 58
7775 7782 155
7793 7843 53
7805 7823 159
7814 7829 100
7823 7826 39
7839 7878 61
7845 7848 102
7862 7868 245
7880 7881 200
7905 7929 189
7930 7979 115
7957 7973 195
7962 8004 294
7980 8009 103
7986 8012 119
8000 8027 24
8020 8062 267
8042 8058 37
8067 8093 40
8083 8090 6
8106 8135 209
8124 8131 231
8138 8152 96
8144 8191 40
8165 8167 120
8168 8176 8
8176 8201 29
8203 8239 231
8214 8240 57
8243 8286 246
8247 8273 206
8251 8272 264
8263 8295 233
8267 8309 145
8290 8313 34
8303 8350 133
8303 8323 226
8331 8352 147
8339 8361 52
8349 8391 213
8375 8421 220
8377 8385 181
8379 8406 123
8404 8429 122
8412 8452 182
8426 8434 102
8426 8432 64
8430 8470 108
8438 8484 64
8466 8504 6
8475 8525 154
8505 8532 68
8508 8548 141
8524 8554 298
8542 8579 49
8562 8609 171
8583 8615 160
8586 8633 20
8594 8605 249
8607 8624 81
8616 8619 237
8625 8641 198
8631 8638 266
8653 8663 270
8667 8705 143
8673 8701 120
8700 8738 37
8724 8729 300
8744 8784 148
8761 8774 146
8777 8824 231
8807 8810 58
8809 8831 144
8820 8849 259
8824 8869 212
8845 8873 177
8849 8868 172
8856 8866 105
8856 8875 99
8856 8881 52
8883 8894 108
8890 8896 113
8909 8910 213
8928 8930 36
8952 8962 93
8979 8985 105
9004 9009 104
9013 9029 42
9035 9061 135
9056 9075 209
9063 9102 260
9088 9129 281
9101 9106 174
9107 9116 274
9109 9123 271
9117 9128 214
9127 9163 39
9149 9178 14
9167 9210 191
9170 9180 258
9197 9243 297
9222 9264 126
9246 9292 277
9259 9289 45
9263 9302 117
9265 9294 98
9281 9329 46
9301 9302 151
9327 9375 284
9347 9383 162
9357 9371 158
9359 9392 7
9381 9422 50
9403 9447 56
9404 9418 33
9418 9430 209
9422 9460 126
9433 9442 3
9437 9458 260
9461 9495 55
9491 9501 105
9512 9557 218
9533 9576 5
9540 9582 47
9555 9573 152
9564 9602 232
9569 9597 294
9597 9621 8
9601 9644 224
9610 9648 274
9617 9661 121
9646 9692 250
9673 9686 58
9703 9719 153
9714 9725 229
9717 9766 90
9736 9758 9
9757 9768 153
9762 9800 22
9776 9783 277
9803 9814 280
9822 9849 172
9834 9879 169
9834 9850 176
9845 9891 293
9861 9876 144
9886 9912 104
9913 9930 67
9920 9932 243
9945 9956 94
9972 9993 94
9994 10034 66
10016 10066 189
10039 10041 192
10046 10051 150
10071 10119 21
10072 10114 218
10086 10117 178
10096 10118 126
10120 10140 7
10141 10181 9
10171 10193 247
10177 10219 168
10204 10211 128
10226 10249 161
10245 10263 125
10274 10304 51
10301 10317 20
10329 10348 86
10330 10346 238
10332 10368 260
10344 10352 193
10367 10380 232
10375 10383 278
10393 10408 227
10409 10414 72
10437 10454 68
10448 10469 260
10450 10459 180
10456 10494 241
10471 10514 214
10493 10534 72
10506 10553 20
10519 10529 263
10525 10546 240
10537 10559 36
10546 10583 53
10550 10599 265
10571 10585 225
10596 10600 71
10614 10644 282
10643 10678 185
10660 10678 81
10669 10689 251
10688 10703 220
10711 10736 87
10734 10735 184
10753 10786 124
10771 10794 41
10780 10803 200
10801 10826 98
10802 10823 99
10821 10851 297
10844 10866 43
10860 10903 76
10880 10914 94
10883 10921 192
10898 10937 242
10915 10953 259
10945 10946 202
10972 11015 180
10992 10998 241
10998 11000 70
11027 11077 177
11028 11072 85
11052 11092 101
11070 11097 24
11072 11098 12
11094 11137 293
11100 11136 249
11122 11170 108
11132 11151 18
11140 11156 160
11149 11184 298
11158 11174 19
11188 11197 274
11195 11210 51
11212 11243 30
11220 11261 134
11245 11255 270
11271 11312 61
11292 11293 34
11295 11322 260
11319 11369 271
11320 11361 257
11329 11353 2
11357 11377 255
11383 11412 30
11413 11455 158
11440 11462 129
11449 11491 156
11476 11514 74
11493 11518 179
11504 11546 287
11519 11533 170
11546 11592 201
11564 11576 66
11576 11583 142
11602 11623 176
11614 11661 31
11623 11639 17
11631 11642 209
11645 11652 119
11671 11674 100
11691 11698 228
11701 11737 299
11725 11729 38
11752 11758 267
11780 11790 212
11797 11810 32
11819 11859 291
11842 11852 139
11843 11865 280
11865 11909 193
11882 11883 47
11882 11893 1
11898 11914 91
11902 11923 98
11925 11962 122
11932 11940 112
11955 12004 222
11975 11979 297
11992 12035 126
12011 12021 150
12016 12022 162
12027 12077 3
12029 12056 147
12039 12054 267
12063 12097 75
12079 12088 189
12082 12125 288
12096 12142 299
12117 12154 46
12121 12135 80
12139 12167 257
12152 12193 144
12169 12209 293
12184 12201 75
12213 12255 209
12236 12286 85
12252 12277 273
12277 12314 15
12300 12309 274
12323 12344 55
12323 12363 281
12345 12381 127
12359 12377 215
12371 12380 267
12388 12401 97
12393 12398 66
12397 12414 132
12397 12435 1
12421 12422 265
12447 12481 231
12472 12478 236
12483 12526 125
12511 12515 181
12529 12578 92
12533 12559 75
12534 12550 95
12535 12571 297
12536 12548 163
12565 12585 152
12583 12608 210
12609 12624 284
12621 12629 247
12631 12665 253
12637 12644 106
12663 12697 44
12682 12687 46
12692 12720 169
12699 12725 76
12724 12763 141
12738 12770 78
12761 12801 171
12781 12809 18
12799 12815 234
12819 12855 133
12840 12863 144
12860 12868 20
12879 12926 47
12908 12944 159
12911 12956 15
12917 12961 118
12934 12950 100
12947 12961 254
12952 12988 232
12958 12968 53
12965 12970 117
12971 12996 251
12992 13036 17
13007 13031 99
13028 13033 247
13052 13054 150
13062 13090 233
13090 13117 202
13097 13111 277
13124 13144 156
13126 13137 271
13150 13192 28
13177 13186 75
13203 13225 183
13211 13251 194
13228 13265 178
13258 13270 18
13274 13304 107
13295 13342 147
13313 13363 220
13330 13347 234
13348 13376 15
13356 13359 281
13361 13380 257
13381 13397 161
13393 13397 163
13423 13444 249
13435 13438 277
13436 13478 260
13448 13462 95
13472 13519 130
13475 13498 244
13505 13549 293
13513 13541 198
13523 13544 248
13537 13581 66
13557 13569 267
13557 13586 237
13559 13603 84
13563 13604 79
13564 13602 271
13574 13612 148
13602 13646 54
13622 13632 262
13641 13653 41
13647 13661 288
13671 13698 12
13673 13683 223
13700 13737 273
13719 13736 133
13720 13727 269
13749 13754 95
13767 13773 93
13768 13813 111
13793 13825 285
13815 13833 273
13841 13862 50
13862 13906 284
13882 13916 130
13885 13889 106
13904 13925 271
13917 13959 134
13928 13976 194
13944 13973 242
13957 13975 235
13977 13988 27
13993 14014 112
14023 14050 292
14039 14070 125
14041 14052 151
14049 14069 123
14053 14074 132
14079 14092 15
14089 14134 5
14110 14136 112
14125 14127 121
14155 14171 171
14176 14189 242
14178 14198 122
14197 14206 27
14209 14241 118
14233 14277 161
14259 14270 240
14278 14285 60
14290 14316 25
14310 14345 191
14323 14332 70
14341 14350 84
14365 14382 113
14384 14424 264
14400 14446 279
14427 14447 267
14451 14486 202
14459 14481 276
14465 14466 167
14490 14516 102
14491 14506 11
14501 14522 240
14521 14537 267
14536 14543 54
14543 14589 211
14550 14564 138
14561 14566 166
14585 14601 19
14590 14617 78
14610 14645 272
14619 14669 6
14648 14650 291
14675 14683 53
14695 14708 262
14722 14734 206
14742 14777 118
14768 14790 36
14784 14834 202
14807 14812 22
14809 14833 98
14811 14828 128
14838 14853 59
14866 14901 133
14870 14873 231
14900 14945 295
14906 14913 142
14928 14945 115
14953 14998 271
14967 15007 289
14977 15018 105
15005 15010 262
15021 15067 120
15034 15079 251
15061 15090 95
15086 15088 292
15089 15091 81
15089 15134 108
15104 15141 1
15131 15158 57
15141 15165 103
15153 15203 33
15160 15195 93
15167 15184 266
15192 15200 21
15197 15213 152
15226 15263 42
15244 15266 25
15247 15256 104
15271 15319 263
15286 15324 74
15287 15333 101
15297 15342 242
15323 15359 176
15340 15383 199
15353 15362 57
15371 15372 164
15401 15436 208
15429 15478 278
15455 15469 188
15476 15524 230
15497 15509 243
15525 15532 126
15553 15578 265
15561 15564 113
15568 15578 209
15569 15584 132
15569 15612 249
15581 15583 170
15592 15599 82
15617 15623 240
15646 15648 240
15662 15675 151
15688 15734 284
15714 15743 53
15740 15771 43
15751 15789 65
15752 15777 10
15781 15791 100
15808 15820 203
15817 15839 19
15828 15851 128
15835 15884 132
15848 15897 160
15863 15883 68
15869 15882 131
15870 15890 198
15896 15934 161
15902 15940 178
15908 15923 103
15915 15948 202
15934 15978 71
15960 15984 120
15976 15982 128
16002 16022 37
16027 16076 77
16037 16068 176
16066 16070 262
16069 16071 196
16092 16095 44
16112 16134 112
16118 16119 161
16132 16175 131
16133 16178 89
16133 16173 137
16154 16203 115
16175 16185 178
16192 16235 145
16222 16269 22
16227 16239 262
16231 16234 38
16241 16268 164
16246 16257 259
16260 16302 8
16290 16340 135
16315 16359 5
16323 16357 296
16345 16361 162
16370 16408 25
16375 16398 89
16403 16433 244
16409 16426 51
16434 16481 126
16458 16471 179
16468 16487 296
16471 16500 64
16481 16509 30
16494 16528 290
16514 16531 141
16538 16561 52
16549 16564 105
16574 16607 157
16575 16576 98
16580 16610 248
16589 16639 153
16609 16623 273
16632 16655 157
16642 16659 49
16647 16691 197
16661 16678 49
16683 16722 168
16702 16731 216
16727 16742 104
16742 16777 162
16766 16773 283
16769 16818 220
16783 16810 12
16787 16802 282
16797 16837 3
16800 16831 294
16812 16824 297
16830 16861 72
16842 16876 44
16859 16864 230
16889 16925 294
16889 16894 183
16917 16938 160
16947 16997 109
16947 16986 187
16948 16949 248
16969 17004 233
16990 17006 259
17003 17031 228
17012 17038 88
17014 17016 85
17031 17076 265
17050 17090 69
17052 17066 278
17066 17090 190
17074 17089 74
17083 17102 247
17107 17119 52
17114 17124 176
17131 17154 279
17160 17196 148
17170 17200 210
17173 17202 218
17191 17193 22
17215 17259 19
17237 17269 72
17266 17289 65
17292 17303 247
17317 17321 126
17330 17354 46
17337 17342 120
17357 17376 69
17386 17408 186
17401 17439 206
17411 17436 268
17426 17436 157
17439 17465 203
17440 17476 256
17467 17481 278
17482 17506 236
17506 17549 264
17529 17566 175
17559 17594 40
17561 17605 271
17582 17624 226
17591 17630 261
17599 17607 158
17610 17640 248
17612 17623 278
17636 17650 25
17659 17661 95
17686 17708 6
17713 17716 293
17713 17737 223
17720 17766 157
17730 17748 179
17748 17766 42
17754 17755 228
17784 17804 276
17807 17856 216
17809 17859 227
17824 17852 85
17829 17832 49
17834 17836 23
17838 17873 76
17841 17883 145
17855 17879 251
17867 17868 29
17896 17921 202
17913 17930 55
17938 17946 21
17959 17977 30
17960 17976 162
17960 17961 219
17973 17974 187
17988 18014 51
18005 18055 257
18032 18057 248
18060 18087 218
18075 18077 121
18081 18125 38
18108 18146 300
18124 18155 79
18153 18201 86
18156 18191 144
18159 18170 216
18176 18178 41
18187 18221 181
18189 18200 15
18191 18225 276
18200 18239 215
18203 18230 148
18204 18238 21
18229 18243 81
18247 18251 276
18249 18291 208
18251 18280 108
18275 18315 188
18290 18312 280
18304 18342 109
18321 18332 240
18349 18375 275
18377 18410 243
18388 18434 39
18418 18448 294
18425 18458 259
18454 18479 167
18457 18470 262
18472 18514 102
18495 18498 294
18513 18522 81
18524 18546 38
18532 18562 12
18559 18585 240
18576 18582 117
18576 18625 161
18586 18623 123
18616 18626 49
18627 18650 139
18650 18661 38
18677 18687 70
18678 18725 78
18702 18750 55
18721 18746 229
18725 18750 140
18737 18782 267
18740 18774 162
18763 18789 282
18779 18829 72
18798 18844 156
18799 18848 156
18808 18821 43
18838 18869 137
18856 18868 109
18864 18913 263
18875 18908 152
18902 18917 281
18924 18966 26
18926 18947 226
18927 18934 49
18934 18976 97
18956 18995 191
18965 18972 8
18969 19002 240
18983 18989 283
18995 19031 88
19007 19020 206
19017 19042 48
19017 19020 140
19042 19087 289
19054 19098 179
19059 19074 161
19086 19104 105
19106 19150 213
19106 19138 214
19107 19122 167
19135 19169 121
19143 19181 207
19144 19183 154
19160 19162 25
19173 19211 38
19195 19199 69
19207 19256 241
19237 19243 237
19246 19279 132
19267 19310 151
19289 19315 61
19303 19314 184
19330 19352 8
19357 19407 204
19357 19377 296
19361 19376 79
19377 19392 192
19404 19424 98
19427 19460 263
19448 19485 83
19450 19477 194
19471 19472 170
19480 19484 221
19483 19494 80
19496 19505 36
19524 19534 155
19539 19563 7
19560 19607 132
19568 19575 48
19569 19583 167
19595 19618 80
19597 19616 230
19622 19648 277
19632 19648 205
19635 19660 261
19661 19701 9
19662 19683 2
19670 19714 8
19685 19714 48
19714 19730 67
19728 19751 162
19741 19790 218
19764 19767 127
19794 19819 221
19805 19812 25
19825 19870 293
19844 19880 21
19860 19893 250
19890 19931 179
19908 19911 266
19916 19931 43
19939 19978 79
19968 19984 168
19995 20029 90
19999 20022 1
20021 20022 64
20049 20052 215
20062 20069 91
20072 20118 174
20085 20114 266
20103 20117 235
20129 20133 197
20133 20157 115
20135 20178 253
20144 20145 97
20154 20177 231
20160 20194 79
20178 20186 288
20193 20201 44
20212 20231 46
20231 20280 64
20244 20272 163
20244 20270 28
20253 20279 202
20278 20283 257
20297 20318 192
20304 20329 263
20331 20351 111
20358 20375 124
20373 20394 85
20391 20425 280
20415 20442 147
20442 20490 241
20465 20507 148
20481 20483 178
20485 20523 290
20505 20519 25
20518 20537 13
20537 20555 108
20553 20582 128
20554 20564 290
20583 20604 8
20607 20629 184
20636 20657 247
20652 20662 220
20670 20714 171
20692 20735 56
20720 20733 84
20736 20745 72
20742 20762 33
20760 20809 224
20782 20814 36
20789 20823 195
20796 20834 226
20806 20816 148
20823 20826 133
20851 20876 39
20871 20889 71
20880 20926 265
20885 20919 178
20899 20944 295
20913 20950 130
20936 20949 49
20942 20947 218
20972 20980 298
20985 21017 199
21015 21043 203
21018 21036 173
21037 21051 163
21041 21065 235
21058 21064 119
21067 21115 163
21083 21089 214
21104 21124 103
21112 21158 177
21127 21174 136
21150 21173 29
21169 21213 51
21188 21235 230
21212 21249 256
21241 21257 120
21244 21278 165
21259 21289 297
21259 21285 30
21275 21297 33
21288 21332 130
21289 21300 27
21302 21306 11
21329 21331 267
21353 21392 266
21353 21392 225
21369 21370 200
21391 21403 177
21395 21431 198
21400 21422 108
21407 21436 170
21416 21465 104
21438 21446 62
21453 21457 4
21468 21486 215
21474 21498 140
21497 21522 56
21516 21519 240
21543 21553 250
21564 21603 259
21587 21628 59
21603 21650 48
21631 21632 4
21650 21681 204
21652 21697 118
21668 21717 77
21676 21720 213
21704 21745 235
21718 21732 287
21721 21725 154
21727 21741 81
21747 21789 143
21777 21796 204
21783 21826 71
21791 21839 81
21799 21807 38
21825 21859 168
21839 21875 163
21864 21897 106
21871 21887 91
21900 21906 199
21925 21963 8
21946 21960 90
21959 21994 261
21970 21998 89
21980 22003 50
21983 21993 204
22006 22012 84
22036 22043 48
22059 22074 226
22074 22100 289
22088 22119 256
22092 22096 120
22113 22147 5
22142 22175 244
22154 22189 80
22173 22196 140
22190 22206 144
22201 22234 270
22227 22235 24
22227 22272 63
22255 22264 71
22279 22319 268
22302 22347 182
22312 22317 134
22322 22341 10
22350 22357 210
22356 22358 101
22364 22394 87
22364 22406 45
22394 22437 33
22414 22429 186
22444 22454 14
22458 22503 30
22468 22487 213
22497 22500 75
22497 22537 296
22501 22536 86
22529 22563 68
22550 22572 248
22553 22573 51
22564 22609 123
22591 22627 58
22600 22643 38
22603 22639 177
22618 22662 72
22644 22666 70
22649 22669 281
22678 22701 276
22697 22740 100
22701 22730 270
22715 22745 260
22735 22785 289
22738 22740 135
22753 22794 167
22755 22766 267
22769 22772 95
22795 22813 183
22804 22819 194
22814 22841 39
22831 22836 174
22854 22876 3
22872 22876 238
22879 22889 233
22894 22918 129
22905 22955 296
22906 22935 291
22932 22951 106
22957 22973 248
22964 22968 32
22968 22990 173
22975 22980 93
22980 23018 187
22995 23006 33
23004 23044 33
23013 23048 239
23038 23044 169
23051 23089 190
23066 23113 37
23066 23103 220
23075 23123 68
23081 23114 14
23090 23097 134
23095 23141 212
23104 23151 197
23113 23134 126
23127 23176 195
23134 23139 15
23146 23161 13
23171 23212 217
23201 23209 239
23208 23225 283
23235 23256 272
23258 23274 273
23268 23279 32
23296 23336 179
23316 23318 115
23319 23364 49
23332 23355 288
23352 23371 200
23356 23364 195
23379 23392 293
23400 23448 146
23422 23435 206
23438 23470 38
23457 23499 273
23476 23494 125
23503 23521 117
23519 23530 242
23548 23570 293
23557 23581 217
23578 23594 233
23589 23615 57
23616 23643 112
23619 23669 149
23639 23663 122
23651 23697 73
23668 23690 259
23674 23692 22
23674 23677 289
23686 23698 268
23705 23727 81
23717 23743 60
23727 23761 32
23738 23763 57
23767 23789 178
23787 23828 71
23792 23799 193
23805 23815 98
23830 23832 285
23839 23852 100
23863 23893 134
23868 23882 123
23886 23905 279
23896 23937 269
23923 23939 284
23930 23977 43
23930 23952 199
23955 23994 260
23974 24023 232
23987 24014 228
23993 24001 3
24010 24048 105
24021 24030 62
24041 24047 145
24058 24072 155
24060 24105 212
24083 24100 55
24088 24104 87
24110 24121 59
24122 24152 152
24122 24134 196
24127 24172 49
24147 24168 217
24169 24198 273
24177 24200 284
24200 24201 16
24223 24246 158
24240 24243 44
24257 24269 123
24262 24294 292
24279 24313 151
24304 24308 31
24328 24344 167
24332 24364 232
24362 24390 188
24372 24400 224
24373 24383 162
24373 24400 99
24375 24415 89
24375 24421 274
24391 24420 111
24404 24415 294
24425 24462 79
24433 24449 121
24458 24493 26
24477 24490 205
24480 24500 156
24485 24492 13
24511 24557 125
24541 24552 195
24550 24570 118
24551 24591 185
24581 24589 181
24598 24640 227
24599 24601 218
24619 24622 66
24633 24643 122
24660 24672 248
24669 24697 1
24694 24702 215
24704 24737 290
24715 24733 1
24715 24742 40
24745 24765 93
24774 24809 200
24796 24814 203
24804 24815 208
24828 24865 134
24847 24850 272
24870 24891 95
24898 24917 15
24914 24963 212
24914 24917 274
24929 24934 98
24950 24986 240
24954 24960 298
24971 24985 85
24993 25034 242
25006 25039 103
25036 25074 41
25043 25084 89
25069 25090 207
25098 25113 297
25116 25121 48
25145 25185 254
25155 25159 9
25163 25199 262
25170 25192 298
25188 25203 11
25193 25218 155
25218 25265 276
25238 25285 69
25242 25274 224
25248 25293 282
25268 25269 12
25285 25309 249
25296 25302 266
25313 25358 156
25330 25371 190
25345 25373 189
25370 25382 178
25373 25417 158
25401 25445 275
25423 25442 273
25436 25458 232
25442 25487 245
25444 25491 209
25448 25492 16
25457 25498 244
25483 25511 4
25500 25538 234
25502 25519 61
25529 25575 58
25529 25579 198
25532 25552 194
25541 25572 220
25570 25609 75
25588 25632 120
25597 25607 174
25622 25628 189
25629 25656 281
25648 25674 198
25659 25678 297
25659 25701 137
25677 25701 121
25688 25730 259
25699 25745 261
25725 25751 104
25741 25765 112
25745 25784 174
25748 25772 142
25770 25790 176
25793 25841 89
25806 25820 82
25823 25846 189
25849 25852 190
25870 25885 97
25887 25892 247
25917 25935 36
25924 25950 188
25931 25949 118
25943 25980 255
25966 25968 5
25993 26040 226
26015 26044 162
26018 26046 183
26023 26052 109
26038 26053 37
26060 26105 111
26063 26066 141
26068 26108 261
26078 26110 272
26100 26106 143
26102 26123 125
26119 26162 196
26148 26180 246
26166 26183 239
26196 26215 119
26219 26257 183
26240 26246 106
26262 26307 290
26271 26281 73
26297 26301 99
26310 26330 266
26321 26324 190
26327 26332 267
26339 26388 213
26340 26361 88
26360 26386 113
26382 26406 191
26383 26418 266
26412 26428 47
26424 26473 47
26424 26427 34
26429 26444 136
26459 26504 173
26472 26476 253
26493 26535 210
26508 26509 85
26521 26535 58
26524 26571 31
26535 26546 143
26542 26581 297
26566 26590 212
26568 26601 108
26584 26630 298
26598 26609 8
26602 26636 242
26623 26634 237
26649 26670 229
26654 26668 24
26670 26703 78
26694 26712 271
26696 26737 251
26722 26755 31
26732 26748 275
26733 26748 208
26756 26790 261
26782 26787 47
26799 26818 164
26826 26830 133
26839 26885 251
26843 26887 147
26843 26876 180
26868 26882 168
26885 26912 189
26897 26920 120
26927 26960 18
26945 26947 271
26951 26973 164
26954 26957 295
26983 27019 297
26986 27007 165
26987 27014 152
27011 27059 112
27037 27080 190
27043 27044 164
27070 27088 95
27096 27104 114
27107 27108 161
27108 27156 168
27138 27170 10
27146 27179 267
27170 27184 240
27173 27182 73
27196 27217 205
27200 27231 133
27206 27246 124
27232 27241 63
27240 27272 225
27265 27293 207
27282 27323 172
27297 27347 34
27312 27330 244
27316 27327 207
27334 27337 251
27340 27382 273
27360 27370 238
27364 27376 178
27393 27400 36
27414 27431 189
27437 27453 130
27455 27465 227
27461 27488 45
27480 27496 7
27489 27531 46
27492 27494 250
27498 27520 72
27506 27507 47
27535 27564 286
27535 27584 126
27548 27564 255
27552 27557 56
27555 27591 108
27577 27590 200
27597 27605 122
27617 27637 285
27619 27627 34
27626 27662 213
27636 27668 277
27639 27687 199
27639 27669 298
27662 27694 26
27676 27716 254
27696 27707 110
27709 27751 36
27724 27740 91
27743 27779 55
27753 27757 102
27768 27780 123
27788 27805 81
27796 27846 147
27811 27847 196
27824 27873 298
27826 27828 61
27852 27888 266
27862 27906 175
27874 27893 191
27904 27950 101
27906 27922 45
27915 27916 61
27928 27932 187
27949 27986 89
27966 28000 122
27990 28037 235
28001 28021 246
28023 28072 30
28028 28039 90
28034 28056 275
28035 28056 75
28048 28098 201
28064 28095 108
28068 28108 283
28068 28084 257
28084 28124 107
28108 28117 54
28129 28151 80
28132 28137 21
28154 28171 194
28170 28188 38
28186 28223 276
28193 28222 49
28193 28195 102
28213 28238 126
28220 28258 53
28242 28287 81
28267 28296 231
28277 28281 244
28299 28345 68
28321 28331 83
28321 28358 135
28321 28337 112
28324 28357 58
28341 28358 67
28362 28402 113
28362 28399 291
28376 28395 208
28403 28414 131
28425 28442 80
28455 28459 104
28467 28470 42
28479 28492 230
28479 28493 229
28490 28505 223
28514 28552 279
28522 28565 268
28533 28566 15
28553 28587 202
28574 28614 122
28591 28602 157
28598 28633 90
28615 28623 35
28629 28636 59
28649 28653 20
28656 28694 287
28677 28695 286
28706 28737 164
28736 28737 156
28737 28744 227
28749 28781 89
28769 28801 55
28770 28782 144
28797 28843 99
28800 28819 168
28806 28816 148
28817 28836 268
28844 28853 193
28866 28886 90
28879 28927 144
28902 28939 177
28917 28951 106
28926 28929 129
28928 28944 271
28941 28957 24
28943 28984 251
28955 28969 244
28958 28974 248
28985 29017 123
28989 29039 112
28994 29008 137
29024 29027 270
29035 29073 170
29054 29067 176
29069 29105 185
29078 29103 172
29101 29120 285
29103 29131 132
29107 29146 27
29127 29144 97
29152 29168 213
29167 29197 82
29180 29214 259
29186 29193 217
29197 29209 284
29216 29225 49
29228 29263 270
29245 29285 78
29272 29277 108
29273 29289 85
29275 29316 102
29297 29344 260
29311 29334 206
29334 29365 53
29342 29387 259
29366 29396 262
29382 29389 249
29385 29414 153
29391 29435 21
29411 29431 281
29430 29462 103
29458 29495 183
29474 29475 31
29475 29496 193
29505 29551 208
29515 29538 165
29538 29563 32
29546 29589 253
29549 29587 79
29568 29607 63
29571 29618 300
29590 29640 232
29598 29626 54
29620 29660 177
29628 29631 160
29637 29670 148
29651 29667 58
29673 29711 189
29698 29700 82
29715 29747 102
29722 29728 294
29729 29759 48
29730 29741 140
29752 29796 103
29776 29790 214
29779 29822 252
29791 29825 194
29818 29838 226
29836 29857 83
29866 29879 291
29888 29919 107
29910 29911 54
29933 29938 66
29952 29967 200
29976 30022 293
29989 30014 157
30003 30048 189
30029 30067 98
30051 30085 51
30076 30095 117
30085 30120 98
30103 30121 169
30129 30142 147
30158 30170 112
30174 30224 112
30184 30233 206
30192 30240 200
30195 30235 241
30197 30244 12
30200 30234 187
30201 30204 153
30225 30257 267
30244 30288 84
30247 30276 60
30256 30286 113
30281 30295 26
30308 30357 70
30335 30371 143
30339 30385 111
30361 30392 225
30385 30412 82
30400 30434 284
30424 30431 191
30435 30471 97
30458 30463 264
30478 30494 154
30492 30534 121
30504 30540 6
30517 30548 238
30522 30572 70
30523 30550 113
30523 30570 72
30545 30577 218
30550 30559 168
30564 30594 242
30578 30605 265
30596 30633 293
30598 30610 21
30608 30648 243
30627 30677 246
30647 30649 262
30664 30700 216
30686 30711 80
30686 30709 143
30694 30729 159
30724 30740 172
30735 30769 39
30754 30787 69
30765 30767 93
30792 30796 201
30794 30813 280
30804 30834 196
30808 30822 182
30823 30861 270
30847 30895 184
30848 30885 282
30876 30905 105
30901 30918 144
30924 30968 296
30938 30941 173
30964 30970 197
30989 31020 269
31001 31016 221
31006 31025 149
31012 31045 63
31033 31038 162
31037 31050 144
31039 31046 245
31063 31068 82
31080 31098 257
31091 31115 184
31115 31142 221
31123 31125 290
31153 31195 183
31180 31220 158
31180 31199 295
31207 31251 228
31223 31227 42
31249 31297 208
31270 31314 108
31298 31316 8
31327 31332 42
31354 31376 109
31363 31388 169
31392 31420 154
31409 31419 28
31409 31458 143
31416 31442 103
31433 31465 123
31438 31458 139
31455 31495 122
31480 31481 293
31503 31523 65
31532 31548 108
31553 31579 266
31553 31574 289
31562 31589 133
31562 31600 97
31569 31619 179
31595 31623 49
31610 31614 40
31640 31659 60
31654 31662 278
31655 31677 224
31678 31701 104
31692 31742 189
31715 31727 284
31739 31745 207
31761 31800 187
31779 31808 170
31782 31825 61
31787 31821 135
31787 31796 276
31803 31844 204
31832 31837 121
31833 31876 52
31857 31872 92
31865 31906 291
31880 31907 285
31908 31957 154
31911 31921 114
31941 31973 259
31946 31987 145
31964 31992 48
31971 32011 278
31994 32006 141
32006 32018 89
32020 32058 84
32033 32067 197
32041 32043 248
32063 32094 146
32068 32104 42
32086 32130 243
32090 32134 245
32092 32113 145
32114 32151 266
32121 32123 182
32136 32175 169
32142 32169 158
32150 32173 89
32171 32175 240
32199 32223 251
32200 32201 183
32200 32250 261
32218 32222 185
32232 32278 122
32245 32272 87
32275 32306 47
32293 32311 81
32323 32338 90
32353 32375 19
32376 32401 199
32392 32438 47
32398 32438 128
32413 32420 88
32435 32472 57
32444 32486 277
32455 32491 137
32456 32462 2
32473 32475 50
32491 32492 69
32504 32532 56
32514 32556 66
32528 32534 255
32547 32556 185
32563 32587 208
32575 32603 112
32597 32626 1
32618 32642 158
32625 32652 10
32626 32664 23
32652 32700 153
32652 32666 221
32675 32687 169
32686 32699 184
32702 32746 208
32710 32747 16
32725 32752 139
32733 32735 127
32738 32774 246
32754 32801 135
32765 32782 272
32766 32781 94
32778 32816 299
32804 32815 120
32833 32865 84
32859 32882 7
32883 32891 219
32905 32913 6
32931 32972 183
32949 32966 108
32961 32962 30
32987 32989 158
33005 33010 12
33016 33051 13
33022 33050 133
33051 33062 64
33065 33092 208
33087 33106 297
33099 33102 289
33114 33130 187
33127 33144 290
33155 33190 140
33179 33207 162
33188 33195 109
33211 33232 209
33217 33239 190
33220 33222 106
33221 33248 57
33223 33259 103
33225 33249 210
33230 33263 228
33248 33291 154
33271 33285 3
33299 33349 206
33320 33336 230
33340 33386 289
33362 33386 296
33378 33401 63
33392 33404 244
33396 33398 241
33422 33469 225
33425 33452 108
33450 33479 144
33457 33480 26
33457 33472 133
33460 33486 132
33488 33532 282
33492 33521 73
33519 33557 75
33519 33528 56
33527 33552 115
33535 33545 253
33562 33574 118
33562 33612 135
33568 33609 165
33583 33629 51
33605 33626 88
33606 33642 186
33608 33650 134
33635 33671 264
33653 33682 46
33672 33676 176
33693 33716 157
33709 33718 253
33739 33787 278
33754 33797 300
33778 33790 228
33786 33818 213
33810 33818 110
33821 33826 129
33829 33837 128
33839 33852 21
33842 33870 28
33867 33870 14
33875 33892 10
33875 33925 82
33888 33913 81
33901 33906 268
33911 33951 271
33927 33952 218
33942 33969 208
33961 33997 193
33970 33988 42
33992 34029 20
33997 34003 91
34023 34073 168
34037 34065 200
34051 34091 20
34055 34101 106
34076 34077 43
34092 34096 99
34113 34140 293
34118 34163 253
34131 34173 289
34142 34145 70
34172 34221 54
34186 34194 105
34189 34208 49
34215 34220 250
34219 34255 120
34236 34286 54
34246 34296 195
34265 34275 95
34279 34280 14
34283 34285 275
34294 34297 31
34306 34335 47
34308 34341 38
34322 34356 247
34340 34356 47
34340 34352 176
34367 34407 265
34387 34418 45
34405 34436 57
34412 34435 19
34424 34453 67
34450 34463 273
34474 34482 113
34504 34513 90
34506 34530 156
34524 34526 130
34524 34557 25
34526 34550 154
34543 34562 122
34553 34596 230
34576 34604 67
34587 34588 19
34607 34626 295
34624 34648 110
34641 34679 214
34651 34672 69
34679 34719 91
34682 34683 110
34682 34707 218
34701 34731 21
34701 34706 176
34706 34740 263
34727 34755 163
34753 34786 291
34762 34800 208
34765 34783 133
34775 34799 114
34795 34800 213
34796 34804 137
34820 34868 105
34823 34842 271
34824 34832 207
34837 34841 223
34857 34882 119
34862 34902 54
34878 34914 37
34892 34924 115
34896 34910 169
34910 34943 18
34920 34921 64
34947 34974 167
34971 35007 52
34998 35021 116
35003 35031 39
35004 35022 262
35022 35067 26
35030 35037 193
35039 35083 253
35066 35090 265
35077 35097 237
35093 35099 222
35095 35120 197
35124 35150 153
35142 35191 91
35161 35171 175
35177 35219 281
35184 35227 115
35214 35254 129
35231 35281 220
35260 35281 144
35281 35326 269
35296 35340 119
35300 35315 78
35311 35330 31
35324 35335 49
35337 35383 255
35361 35410 40
35375 35403 74
35391 35427 52
35402 35436 190
35407 35430 217
35408 35451 92
35418 35467 19
35442 35448 115
35454 35468 122
35479 35512 158
35490 35503 221
35520 35528 213
35540 35553 72
35559 35586 230
35584 35605 155
35611 35632 229
35638 35680 254
35644 35678 191
35669 35685 41
35678 35705 188
35678 35722 112
35706 35722 42
35719 35728 235
35724 35773 9
35746 35756 210
35756 35780 239
35780 35824 213
35790 35805 193
35800 35842 115
35818 35861 22
35835 35869 105
35841 35870 42
35843 35851 237
35854 35864 183
35880 35902 28
35887 35924 232
35900 35909 178
35902 35947 14
35909 35953 260
35933 35943 96
35934 35946 7
35939 35968 69
35953 35978 169
35962 35973 17
35982 36018 172
35992 36042 66
36000 36009 12
36010 36032 108
36025 36027 32
36040 36085 278
36049 36089 37
36058 36088 130
36076 36124 59
36103 36140 92
36108 36152 134
36118 36120 48
36129 36132 122
36129 36142 142
36157 36168 138
36158 36192 29
36174 36208 128
36200 36228 264
36227 36264 238
36234 36281 256
36236 36270 133
36248 36252 102
36249 36288 44
36261 36284 215
36285 36315 40
36309 36333 138
36336 36344 86
36350 36397 50
36365 36404 28
36365 36413 26
36367 36391 140
36380 36404 246
36407 36456 198
36437 36481 276
36461 36483 11
36468 36476 256
36478 36527 104
36490 36491 236
36505 36526 7
36519 36528 162
36527 36559 17
36554 36559 148
36558 36567 113
36585 36616 163
36595 36599 74
36620 36623 206
36639 36684 156
36643 36644 262
36654 36690 146
36670 36672 28
36695 36707 249
36696 36721 287
36704 36709 7
36706 36733 159
36725 36750 108
36734 36779 244
36746 36765 136
36751 36757 76
36778 36787 182
36785 36833 212
36806 36837 132
36835 36857 106
36851 36867 83
36858 36865 210
36884 36890 48
36901 36921 169
36921 36932 157
36939 36951 3
36959 37002 164
36988 37030 178
37005 37013 292
37006 37045 87
37013 37024 47
37035 37067 131
37053 37089 26
37063 37090 90
37066 37088 144
37071 37084 12
37092 37123 105
37110 37149 48
37114 37121 155
37118 37139 255
37121 37134 40
37123 37126 231
37130 37162 250
37144 37159 177
37173 37189 106
37192 37227 159
37209 37242 89
37214 37230 254
37221 37256 29
37244 37246 214
37256 37269 261
37268 37302 153
37284 37293 41
37308 37339 289
37326 37349 215
37340 37377 192
37353 37359 256
37360 37379 8
37380 37387 228
37381 37425 146
37384 37395 60
37390 37422 231
37390 37400 229
37390 37412 17
37418 37428 277
37430 37444 114
37431 37451 50
37436 37480 93
37454 37486 103
37463 37496 21
37468 37486 75
37473 37499 69
37497 37543 295
37506 37542 63
37535 37556 33
37538 37540 129
37562 37602 188
37580 37587 123
37583 37587 183
37603 37620 151
37607 37645 63
37636 37668 254
37649 37694 92
37654 37663 202
37682 37718 72
37699 37732 195
37724 37749 32
37744 37753 272
37772 37780 166
37772 37816 102
37788 37831 32
37792 37811 63
37816 37866 26
37834 37867 183
37841 37865 22
37851 37856 267
37871 37920 70
37898 37943 182
37928 37930 209
37951 37994 136
37965 38006 119
37993 38009 193
37995 38002 299
38013 38056 164
38028 38068 197
38058 38073 291
38071 38106 288
38079 38102 103
38089 38135 105
38106 38111 213
38110 38121 58
38139 38181 265
38160 38169 43
38179 38229 293
38194 38243 299
38202 38247 284
38222 38268 34
38249 38255 89
38255 38303 298
38283 38330 235
38302 38320 116
38313 38350 297
38320 38321 231
38320 38361 261
38339 38378 14
38367 38405 241
38370 38400 236
38390 38392 170
38417 38428 264
38418 38429 76
38423 38446 241
38430 38478 244
38448 38467 85
38462 38508 258
38464 38500 175
38493 38518 66
38516 38518 89
38519 38537 200
38521 38538 194
38550 38551 76
38562 38598 71
38577 38608 143
38585 38608 4
38615 38654 279
38628 38637 76
38651 38657 154
38657 38702 241
38676 38701 268
38704 38730 78
38714 38721 269
38730 38743 218
38756 38787 226
38756 38757 285
38786 38816 217
38795 38809 166
38824 38832 243
38832 38876 54
38833 38851 147
38854 38862 106
38880 38903 230
38898 38930 7
38908 38910 24
38929 38966 44
38957 38978 113
38965 38976 189
38984 39028 247
39010 39053 169
39015 39052 198
39025 39030 133
39052 39068 224
39066 39081 113
39071 39092 31
39075 39083 170
39081 39124 55
39081 39117 65
39107 39123 70
39122 39136 213
39137 39164 12
39145 39153 116
39157 39170 287
39161 39170 155
39163 39211 84
39181 39222 65
39193 39223 267
39216 39263 254
39225 39250 23
39229 39244 1
39251 39269 222
39255 39259 40
39257 39275 109
39257 39277 35
39275 39304 160
39278 39291 231
39306 39353 263
39328 39373 148
39337 39376 40
39367 39371 51
39370 39417 243
39393 39415 86
39417 39461 56
39447 39496 258
39453 39456 252
39465 39478 121
39485 39517 79
39514 39534 243
39521 39562 52
39539 39575 189
39540 39564 206
39543 39546 254
39561 39603 134
39568 39616 4
39595 39616 220
39609 39612 284
39619 39653 79
39621 39643 17
39636 39682 142
39639 39652 109
39669 39713 130
39682 39686 261
39708 39744 193
39736 39777 271
39754 39774 189
39766 39769 148
39780 39823 11
39791 39804 64
39794 39816 205
39818 39856 139
39843 39849 116
39864 39871 44
39876 39889 298
39906 39915 141
39912 39950 227
39936 39976 99
39950 39967 69
39966 39999 40
39978 39994 162
40008 40018 109
40027 40052 127
40050 40059 45
40068 40093 156
40071 40107 54
40089 40109 19
40097 40119 125
40115 40130 156
40142 40143 36
40148 40156 100
40171 40181 50
40184 40203 25
40202 40210 43
40214 40245 179
40237 40246 275
40251 40254 181
40255 40261 7
40257 40268 104
40278 40287 169
40280 40300 299
40290 40304 164
40315 40337 16
40332 40359 65
40335 40358 88
40335 40340 83
40353 40378 92
40355 40380 213
40385 40388 106
40394 40423 58
40417 40420 11
40428 40452 76
40443 40453 285
40455 40474 15
40463 40488 86
40476 40482 254
40479 40483 173
40502 40540 52
40530 40540 39
40547 40558 288
40561 40607 278
40561 40569 149
40574 40605 45
40602 40616 179
40602 40648 241
40621 40656 192
40651 40656 37
40667 40705 79
40683 40698 162
40695 40707 60
40706 40729 298
40725 40755 74
40745 40769 76
40752 40768 199
40770 40813 251
40776 40781 235
40798 40812 26
40812 40835 95
40833 40854 56
40837 40887 41
40849 40853 41
40851 40870 118
40859 40874 145
40874 40875 300
40895 40916 29
40911 40952 49
40937 40971 295
40964 40987 182
40975 40977 199
41003 41034 5
41026 41053 17
41031 41039 90
41042 41085 100
41067 41072 249
41081 41094 209
41081 41088 293
41087 41096 254
41095 41110 46
41112 41128 49
41134 41151 130
41163 41165 98
41193 41217 34
41208 41229 179
41232 41282 43
41253 41283 135
41277 41321 153
41285 41328 18
41310 41324 217
41324 41365 280
41352 41355 67
41353 41377 164
41353 41369 284
41371 41392 286
41387 41394 173
41397 41441 298
41407 41435 141
41433 41462 73
41448 41476 174
41454 41470 160
41482 41496 269
41488 41513 73
41511 41550 49
41517 41561 286
41539 41555 120
41543 41550 151
41572 41598 57
41591 41630 55
41602 41649 97
41616 41652 115
41633 41664 280
41658 41663 17
41678 41724 98
41699 41703 246
41729 41775 142
41736 41773 153
41760 41771 180
41783 41811 99
41786 41801 237
41816 41839 14
41845 41880 216
41853 41856 241
41881 41888 97
41902 41918 43
41911 41915 84
41930 41950 172
41959 41977 93
41971 42020 121
41971 42004 79
42000 42021 117
42003 42014 87
42003 42042 141
42012 42034 260
42041 42088 29
42065 42102 228
42071 42110 51
42095 42138 108
42124 42153 146
42139 42179 203
42162 42181 50
42181 42197 237
42185 42219 72
42204 42223 171
42225 42264 68
42226 42271 179
42230 42266 72
42233 42263 278
42244 42245 203
42244 42288 11
42270 42280 40
42286 42312 105
42309 42312 284
42339 42376 300
42339 42371 6
42364 42377 178
42393 42397 46
42409 42453 240
42437 42457 97
42442 42471 77
42448 42480 262
42468 42483 102
42481 42530 148
42485 42525 183
42508 42557 96
42517 42531 287
42528 42573 275
42533 42556 146
42545 42554 89
42569 42573 125
42581 42626 6
42602 42622 285
42617 42658 229
42632 42656 204
42660 42685 289
42685 42709 251
42688 42691 42
42702 42746 43
42716 42743 284
42735 42776 246
42753 42798 41
42780 42782 183
42780 42808 284
42791 42829 60
42805 42854 196
42811 42850 232
42841 42853 184
42871 42895 75
42882 42889 26
42898 42903 69
42927 42951 110
42938 42972 279
42957 43007 33
42974 42999 78
42993 42994 170
43013 43030 194
43016 43021 160
43016 43023 260
43035 43079 161
43051 43052 113
43079 43108 294
43081 43086 87
43100 43136 267
43108 43147 159
43135 43159 290
43156 43172 111
43156 43189 237
43163 43209 2
43173 43203 272
43184 43194 253
43200 43249 2
43201 43249 119
43217 43248 136
43220 43245 160
43240 43277 237
43240 43290 133
43252 43266 45
43256 43257 31
43280 43309 63
43301 43316 150
43309 43343 198
43314 43353 24
43332 43374 200
43339 43369 40
43340 43381 56
43342 43387 4
43361 43369 49
43369 43382 278
43384 43413 113
43411 43426 263
43423 43425 171
43444 43479 181
43469 43493 210
43481 43518 14
43498 43522 141
43511 43549 3
43513 43547 32
43532 43549 27
43553 43565 15
43582 43623 2
43602 43651 207
43602 43645 8
43611 43660 158
43621 43646 295
43637 43676 298
43645 43667 283
43668 43709 287
43691 43719 220
43713 43725 248
43720 43729 102
43725 43771 53
43736 43747 289
43764 43798 157
43790 43806 251
43817 43834 111
43826 43839 69
43847 43867 99
43854 43885 139
43875 43903 147
43897 43899 162
43914 43932 47
43940 43989 281
43947 43981 158
43970 43998 66
43979 44007 160
43981 43998 281
43994 44024 9
44012 44019 259
44020 44066 238
44022 44028 252
44034 44049 73
44058 44070 201
44067 44077 246
44080 44124 107
44086 44132 213
44088 44129 254
44089 44119 254
44108 44114 168
44116 44155 155
44116 44128 244
44137 44167 210
44139 44179 116
44148 44175 135
44149 44151 65
44153 44199 32
44173 44213 255
44182 44224 20
44195 44224 192
44214 44257 26
44227 44259 237
44251 44263 176
44266 44295 71
44296 44331 89
44314 44348 157
44319 44354 226
44341 44383 147
44347 44358 87
44355 44383 197
44359 44407 257
44359 44407 101
44374 44402 229
44374 44418 115
44404 44428 192
44411 44416 161
44435 44471 255
44453 44461 177
44469 44502 278
44489 44505 185
44512 44553 216
44534 44560 289
44537 44549 96
44563 44576 248
44563 44602 276
44579 44616 70
44604 44609 211
44620 44625 164
44623 44624 234
44638 44669 2
44653 44685 93
44664 44692 175
44682 44706 63
44712 44724 168
44712 44745 29
44718 44758 16
44719 44726 119
44721 44726 276
44729 44756 169
44747 44765 125
44777 44794 14
44780 44791 57
44795 44800 182
44813 44844 220
44821 44837 48
44849 44881 231
44866 44905 110
44877 44899 248
44884 44898 2
44893 44903 46
44907 44949 239
44922 44970 116
44926 44968 53
44930 44952 198
44956 44971 277
44966 44967 211
44994 45027 2
45004 45016 235
45026 45066 72
45030 45044 287
45051 45057 35
45077 45093 203
45087 45088 126
45113 45124 219
45133 45168 277
45135 45176 113
45156 45177 124
45164 45175 203
45184 45197 74
45194 45206 234
45203 45235 253
45212 45216 221
45219 45253 104
45223 45242 43
45243 45251 44
45271 45272 292
45289 45321 71
45317 45357 172
45330 45359 61
45360 45399 4
45384 45430 178
45400 45442 66
45429 45468 75
45452 45497 291
45460 45507 139
45464 45471 122
45493 45535 54
45505 45509 230
45522 45555 5
45545 45548 222
45559 45591 113
45572 45620 269
45599 45639 91
45599 45637 207
45613 45647 154
45636 45671 267
45661 45691 73
45689 45735 20
45705 45738 12
45729 45736 84
45733 45744 246
45762 45763 76
45763 45775 139
45765 45785 49
45780 45790 28
45800 45820 201
45814 45822 39
45815 45829 106
45826 45875 130
45837 45866 298
45845 45879 198
45852 45871 125
45863 45874 94
45875 45892 217
45900 45913 6
45928 45949 230
45949 45986 155
45952 45980 296
45954 45983 11
45974 45989 154
45991 46011 168
46015 46065 270
46030 46066 119
46058 46063 292
46079 46095 48
46103 46141 10
46109 46116 210
46121 46135 146
46143 46155 132
46156 46200 283
46161 46187 42
46164 46196 262
46190 46195 41
46208 46256 276
46234 46237 194
46235 46244 27
46246 46293 292
46266 46299 127
46296 46314 62
46307 46316 92
46311 46312 73
46341 46390 6
46362 46365 55
46386 46411 248
46410 46429 87
46410 46411 124
46422 46438 167
46441 46460 50
46449 46452 33
46460 46502 16
46485 46526 4
46486 46513 44
46486 46501 212
46503 46521 239
46533 46553 129
46538 46588 164
46542 46557 239
46555 46591 151
46570 46572 64
46573 46596 39
46603 46616 72
46620 46665 225
46642 46683 107
46662 46665 221
46675 46718 3
46681 46684 291
46683 46710 93
46712 46717 110
46742 46787 234
46743 46765 251
46772 46796 58
46792 46822 268
46821 46859 35
46850 46895 200
46861 46875 105
46867 46870 24
46877 46906 64
46885 46893 153
46905 46944 53
46935 46981 76
46943 46975 271
46967 46985 9
46984 47023 9
46990 47024 13
46997 47012 99
46997 47038 119
47002 47004 59
47022 47027 48
47038 47084 68
47041 47052 183
47064 47094 49
47077 47087 55
47080 47129 227
47083 47116 253
47093 47122 173
47094 47101 145
47123 47136 124
47143 47176 110
47157 47167 164
47175 47182 36
47205 47244 168
47215 47254 137
47239 47258 290
47251 47274 11
47260 47263 258
47277 47301 107
47295 47345 230
47295 47319 234
47314 47340 269
47336 47376 5
47345 47388 37
47347 47356 163
47354 47369 71
47378 47407 287
47388 47402 130
47391 47434 174
47407 47436 197
47436 47446 237
47465 47493 266
47494 47513 243
47501 47508 72
47524 47537 241
47525 47560 220
47550 47559 110
47552 47596 228
47574 47602 280
47601 47646 188
47629 47649 55
47651 47662 36
47653 47703 116
47653 47682 31
47667 47679 21
47686 47715 98
47704 47748 297
47724 47756 77
47740 47786 23
47745 47755 56
47752 47774 12
47780 47785 93
47784 47808 68
47787 47806 158
47797 47834 297
47803 47816 118
47818 47821 51
47819 47857 79
47832 47856 80
47836 47870 123
47865 47890 148
47873 47878 206
47873 47903 149
47883 47922 225
47895 47945 69
47905 47916 160
47906 47943 117
47935 47966 274
47965 48011 224
47974 47977 277
47985 48032 203
47994 48006 27
47994 48029 170
48018 48036 285
48023 48031 76
48034 48043 240
48052 48070 245
48079 48129 193
48102 48136 243
48113 48123 56
48129 48133 251
48150 48197 113
48152 48202 183
48174 48181 155
48177 48226 285
48183 48201 23
48195 48226 144
48212 48222 42
48229 48273 261
48250 48257 260
48257 48284 28
48280 48285 262
48290 48300 166
48316 48355 169
48327 48354 289
48335 48347 175
48357 48359 76
48377 48378 132
48391 48421 97
48417 48420 52
48423 48444 300
48442 48445 119
48471 48489 67
48476 48492 290
48485 48510 255
48514 48562 88
48520 48525 128
48540 48583 59
48553 48579 98
48583 48626 129
48608 48635 155
48613 48650 52
48615 48645 227
48638 48674 255
48646 48681 247
48674 48717 252
48689 48728 289
48692 48696 183
48698 48740 4
48721 48755 31
48725 48766 259
48737 48772 277
48762 48769 152
48773 48797 105
48798 48827 190
48820 48852 31
48845 48850 170
48851 48896 80
48867 48903 69
48887 48913 140
48891 48937 151
48921 48961 231
48951 48961 52
48969 48985 49
48976 49024 20
48987 49020 66
48987 48990 223
49013 49016 265
49028 49074 284
49028 49076 7
49052 49088 78
49075 49079 33
49081 49113 145
49094 49140 93
49124 49159 46
49124 49160 59
49147 49152 48
49154 49178 26
49168 49209 288
49193 49223 223
49198 49248 74
49222 49268 242
49251 49292 261
49260 49279 285
49263 49296 138
49290 49308 83
49310 49329 275
49316 49317 271
49344 49389 212
49352 49400 284
49371 49421 112
49395 49402 222
49410 49415 300
49434 49456 141
49434 49476 243
49453 49477 175
49468 49469 36
49489 49510 186
49498 49525 112
49500 49547 186
49514 49557 82
49544 49577 271
49556 49576 255
49572 49580 239
49586 49598 199
49613 49657 72
49642 49687 180
49668 49684 109
49683 49732 187
49690 49723 71
49710 49723 254
49712 49750 32
49738 49744 196
49757 49761 87
49776 49777 186
49792 49795 12
49819 49829 10
49837 49871 130
49841 49845 20
49853 49860 196
49878 49879 173
49904 49932 28
49925 49932 287
49926 49947 184
49946 49975 292
49974 49994 96
49982 49995 264
50012 50023 186
50019 50038 25
50039 50086 179
50048 50097 215
50062 50094 27
50087 50129 157
50111 50145 61
50134 50147 169
50164 50180 148
50174 50190 91
50189 50221 90
50199 50221 17
50208 50231 91
50219 50229 109
50220 50240 152
50247 50278 213
50264 50306 66
50290 50305 84
50300 50310 178
50312 50322 64
50328 50370 199
50356 50361 217
50380 50422 144
50394 50407 216
50422 50466 257
50444 50465 4
50461 50480 75
50468 50471 120
50481 50482 62
50509 50525 91
50521 50539 105
50530 50554 152
50541 50549 136
50549 50596 282
50574 50612 49
50592 50617 259
50613 50627 298
50628 50634 261
50636 50659 285
50656 50686 126
50686 50736 214
50708 50717 120
50722 50731 77
50732 50775 267
50736 50782 117
50759 50760 246
50769 50801 25
50791 50831 5
50809 50825 53
50829 50870 139
50857 50906 21
50883 50926 214
50889 50903 267
50899 50919 13
50921 50933 287
50925 50953 153
50954 50976 135
50984 51011 182
50987 51031 66
50995 51009 158
51010 51052 268
51026 51047 144
51055 51089 79
51077 51089 236
51094 51108 217
51109 51131 205
51125 51173 249
51154 51194 192
51174 51221 123
51204 51229 158
51219 51266 123
51238 51282 136
51257 51283 39
51275 51283 171
51298 51299 132
51299 51320 271
51307 51344 261
51307 51328 134
51334 51372 159
51354 51394 52
51367 51416 60
51396 51431 283
51426 51434 15
51449 51461 32
51449 51462 207
51472 51479 248
51490 51537 153
51492 51515 267
51493 51527 76
51503 51553 223
51511 51529 244
51511 51515 145
51514 51528 39
51525 51544 125
51546 51553 96
51558 51565 270
51562 51568 104
51578 51617 249
51602 51630 156
51624 51656 289
51641 51657 135
51660 51664 291
51686 51719 95
51713 51759 156
51730 51772 3
51733 51735 181
51745 51785 158
51769 51783 201
51791 51808 60
51791 51797 47
51805 51843 300
51808 51836 120
51818 51850 280
51832 51851 83
51832 51847 197
51834 51880 15
51856 51886 269
51866 51877 261
51879 51921 155
51908 51927 156
51936 51984 115
51936 51970 49
51944 51976 240
51957 51984 289
51959 51974 145
51972 52004 144
51992 52034 59
52009 52048 129
52022 52061 79
52029 52031 255
52039 52051 283
52040 52049 165
52046 52085 166
52055 52091 254
52077 52095 44
52095 52128 295
52120 52140 35
52139 52175 163
52165 52198 256
52185 52209 152
52191 52231 43
52219 52240 153
52222 52258 221
52238 52261 238
52255 52276 165
52259 52271 251
52284 52294 20
52287 52307 159
52312 52346 112
52324 52357 82
52340 52342 72
52370 52417 224
52383 52397 28
52387 52405 172
52404 52410 235
52416 52438 287
52444 52470 139
52452 52465 62
52462 52464 65
52482 52528 134
52492 52510 173
52500 52535 148
52520 52531 147
52522 52544 101
52541 52549 72
52567 52593 71
52571 52572 82
52593 52633 172
52622 52632 113
52652 52684 51
52670 52690 73
52673 52676 223
52689 52714 218
52719 52727 116
52728 52776 280
52743 52745 222
52765 52790 245
52788 52816 156
52806 52843 101
52823 52828 288
52845 52895 156
52858 52880 234
52873 52912 255
52890 52920 219
52902 52941 168
52915 52922 244
52938 52964 291
52953 52973 79
52959 52967 20
52964 53011 69
52991 53006 155
52992 53007 45
53013 53055 37
53043 53082 46
53044 53060 33
53053 53083 293
53081 53111 27
53100 53140 56
53128 53145 155
53151 53178 83
53151 53168 257
53158 53202 86
53162 53176 185
53162 53180 147
53174 53201 161
53183 53200 116
53184 53209 81
53201 53220 151
53220 53267 149
53243 53259 243
53270 53310 238
53285 53328 136
53303 53307 234
53318 53352 121
53320 53348 219
53342 53380 59
53347 53377 263
53370 53371 209
53398 53446 31
53403 53432 185
53414 53459 108
53417 53445 23
53419 53427 191
53448 53490 168
53450 53453 78
53463 53507 6
53475 53493 108
53495 53499 34
53513 53518 220
53514 53521 128
53544 53554 135
53570 53591 178
53586 53633 113
53599 53608 168
53603 53625 211
53623 53625 237
53645 53688 297
53649 53673 8
53664 53666 265
53685 53713 107
53696 53706 134
53699 53737 95
53715 53721 38
53720 53733 96
53733 53757 94
53742 53780 5
53745 53775 219
53761 53801 294
53773 53780 275
53791 53798 255
53799 53823 287
53823 53872 39
53831 53835 269
53846 53866 237
53868 53869 76
53868 53903 11
53897 53899 50
53926 53950 154
53932 53955 164
53955 53960 72
53981 54013 150
54006 54049 66
54032 54070 173
54049 54086 146
54077 54121 195
54104 54148 266
54116 54138 42
54123 54168 120
54150 54178 218
54177 54195 144
54181 54225 75
54181 54223 203
54186 54216 162
54186 54188 26
54206 54218 245
54213 54225 17
54218 54247 255
54233 54282 35
54262 54274 3
54283 54295 212
54309 54337 241
54339 54364 260
54340 54362 120
54363 54371 267
54384 54405 11
54392 54428 191
54409 54456 246
54434 54451 240
54437 54447 71
54465 54508 228
54492 54515 276
54498 54521 112
54517 54548 173
54525 54563 108
54537 54569 23
54566 54589 144
54590 54610 132
54599 54635 62
54603 54643 260
54632 54647 182
54648 54679 7
54667 54715 118
54686 54707 61
54696 54704 89
54709 54715 137
54736 54769 281
54757 54778 154
54778 54822 40
54798 54802 37
54820 54865 276
54850 54877 213
54864 54889 169
54886 54904 96
54901 54946 201
54910 54937 290
54932 54976 232
54933 54970 221
54942 54968 297
54971 55018 292
54978 54993 299
55005 55053 279
55024 55027 137
55031 55032 277
55059 55079 298
55066 55076 249
55078 55128 151
55090 55099 209
55110 55127 84
55129 55160 5
55156 55203 35
55169 55188 166
55175 55179 205
55186 55217 272
55189 55206 161
55189 55223 95
55191 55198 140
55219 55238 69
55246 55274 10
55261 55291 244
55262 55269 89
55286 55317 129
55307 55336 53
55309 55338 33
55334 55366 68
55359 55372 24
55374 55408 257
55385 55434 226
55403 55415 157
55428 55465 259
55434 55465 180
55461 55465 48
55461 55471 160
55491 55532 291
55517 55548 199
55545 55577 208
55548 55575 70
55576 55583 299
55606 55642 238
55633 55658 115
55635 55678 271
55637 55669 60
55642 55669 213
55654 55678 90
55657 55675 35
55684 55704 44
55697 55701 139
55712 55728 203
55719 55739 135
55727 55777 64
55733 55758 166
55745 55788 222
55758 55769 205
55763 55776 54
55779 55805 226
55794 55841 198
55798 55805 239
55813 55863 62
55818 55852 242
55835 55873 106
55855 55871 252
55857 55892 271
55861 55881 177
55865 55866 89
55877 55923 42
55903 55917 263
55916 55952 71
55941 55959 74
55962 55999 192
55990 56013 55
56018 56030 193
56043 56071 102
56057 56092 191
56085 56091 196
56097 56101 63
56122 56146 259
56143 56161 239
56165 56176 176
56177 56226 155
56187 56225 152
56210 56231 77
56213 56236 269
56231 56247 106
56239 56287 284
56265 56297 96
56276 56324 113
56290 56318 41
56299 56345 265
56325 56345 208
56326 56336 1
56348 56373 63
56366 56376 157
56369 56384 163
56375 56376 71
56382 56395 193
56399 56443 109
56427 56453 168
56448 56455 223
56467 56493 192
56473 56474 17
56487 56494 61
56495 56498 262
56524 56554 254
56544 56551 142
56561 56575 241
56566 56579 261
56582 56609 230
56586 56609 126
56606 56619 258
56629 56660 269
56658 56702 16
56681 56694 153
56702 56752 254
56715 56717 148
56727 56758 123
56734 56750 286
56743 56790 102
56757 56787 41
56765 56783 184
56780 56788 54
56806 56818 209
56831 56835 93
56860 56907 92
56860 56888 197
56862 56873 298
56876 56903 279
56906 56926 216
56915 56935 25
56937 56976 258
56966 56967 2
56981 56983 286
57010 57040 262
57019 57027 151
57019 57023 195
57026 57043 25
57032 57057 136
57059 57070 203
57064 57068 130
57074 57105 181
57104 57118 6
57131 57154 126
57151 57167 152
57158 57183 225
57164 57182 229
57185 57214 96
57199 57213 158
57203 57222 71
57225 57241 263
57247 57270 123
57263 57282 111
57291 57333 150
57315 57317 83
57329 57351 84
57337 57381 181
57363 57374 101
57380 57383 182
57400 57450 120
57422 57430 251
57445 57454 78
57454 57504 148
57475 57495 119
57485 57519 293
57502 57532 65
57516 57553 206
57529 57552 51
57536 57570 232
57540 57557 65
57547 57559 128
57554 57604 189
57577 57596 75
57600 57635 157
57625 57628 212
57635 57652 219
57636 57650 275
57656 57684 221
57668 57692 20
57684 57694 42
57693 57712 141
57693 57727 122
57712 57741 179
57733 57781 299
57748 57779 228
57774 57813 265
57782 57812 115
57787 57797 190
57793 57823 198
57803 57812 139
57804 57819 119
57830 57840 67
57856 57894 180
57877 57898 267
57896 57921 44
57923 57931 171
57926 57961 25
57944 57958 231
57956 57989 140
57982 58011 212
57992 58029 138
58000 58010 214
58004 58012 93
58029 58053 215
58033 58080 203
58035 58040 43
58064 58102 187
58084 58086 262
58098 58131 20
58108 58112 259
58119 58128 124
58124 58162 105
58133 58134 18
58157 58199 27
58173 58205 86
58201 58240 79
58216 58242 136
58222 58241 199
58239 58273 180
58243 58276 52
58273 58315 169
58281 58302 86
58302 58332 139
58329 58330 84
58345 58369 218
58358 58384 119
58388 58407 220
58398 58421 126
58401 58418 290
58414 58436 268
58444 58488 136
58447 58476 280
58470 58484 153
58489 58526 233
58509 58556 259
58523 58554 62
58547 58569 83
58557 58567 36
58557 58572 36
58572 58594 271
58586 58616 169
58600 58625 264
58629 58641 230
58637 58655 90
58654 58678 82
58676 58697 14
58702 58709 103
58708 58746 182
58709 58718 143
58726 58775 272
58739 58772 71
58749 58781 89
58766 58784 184
58766 58808 269
58794 58799 54
58804 58817 289
58826 58855 5
58835 58866 87
58843 58874 193
58843 58849 220
58854 58856 81
58868 58874 196
58888 58913 136
58914 58946 208
58921 58943 186
58946 58951 242
58976 59018 146
58976 59008 91
58981 58993 216
59006 59034 5
59032 59078 19
59047 59083 293
59060 59108 286
59084 59118 175
59089 59108 86
59108 59153 95
59110 59114 115
59135 59151 96
59165 59178 189
59185 59213 165
59205 59227 289
59228 59233 276
59239 59260 53
59262 59279 166
59274 59280 32
59300 59335 285
59323 59326 55
59345 59381 171
59354 59392 298
59359 59367 277
59378 59409 197
59390 59421 216
59408 59450 66
59410 59413 248
59419 59457 282
59423 59459 273
59437 59478 218
59448 59473 151
59455 59503 52
59477 59504 210
59481 59495 109
59502 59548 148
59513 59543 29
59520 59537 231
59539 59567 8
59549 59558 72
59552 59596 112
59552 59597 272
59558 59564 1
59559 59586 293
59565 59598 134
59579 59595 62
59608 59629 198
59618 59657 291
59621 59671 61
59646 59677 240
59661 59705 245
59682 59685 83
59694 59727 111
59708 59721 101
59719 59747 201
59723 59754 241
59735 59751 177
59735 59777 20
59746 59783 108
59761 59766 33
59778 59785 121
59789 59827 256
59791 59809 202
59812 59862 197
59841 59889 100
59871 59879 204
59893 59934 233
59899 59927 39
59923 59967 232
59952 59960 246
59959 59963 256
59968 60010 293
59973 59984 241
59992 60009 211
60011 60048 54
60022 60052 126
60034 60058 162
60057 60098 269
60084 60127 268
60109 60157 120
60116 60144 262
60121 60125 99
60125 60131 135
60126 60160 129
60147 60151 179
60166 60203 173
60179 60194 97
60201 60219 27
60230 60266 183
60231 60232 123
60261 60283 196
60284 60307 13
60285 60296 146
60288 60319 53
60302 60343 162
60304 60322 139
60318 60359 120
60348 60372 202
60368 60386 131
60372 60415 40
60374 60406 151
60389 60398 292
60400 60430 252
60419 60441 249
60421 60430 161
60446 60469 294
60470 60477 66
60491 60516 271
60516 60522 47
60521 60541 151
60529 60549 239
60544 60593 26
60553 60555 297
60568 60605 147
60583 60600 245
60593 60619 93
60623 60663 270
60640 60651 121
60669 60709 71
60673 60700 134
60698 60701 44
60726 60740 288
60732 60765 136
60736 60768 125
60762 60796 36
60770 60773 267
60789 60796 149
60803 60847 132
60812 60822 4
60813 60853 75
60838 60846 1
60848 60862 6
60876 60922 171
60877 60896 236
60900 60912 40
60917 60926 264
60921 60941 252
60928 60938 238
60931 60945 291
60959 60991 103
60972 60984 163
60987 60996 299
60988 61018 180
61015 61064 4
61024 61036 171
61028 61046 88
61045 61053 131
61058 61070 269
61061 61111 71
61081 61131 163
61098 61117 280
61128 61165 184
61157 61181 288
61163 61205 87
61171 61201 88
61181 61210 255
61183 61232 18
61201 61216 17
61203 61244 55
61203 61219 175
61212 61213 137
61226 61232 90
61254 61291 14
61257 61306 43
61257 61291 83
61281 61310 89
61309 61333 85
61324 61368 233
61331 61352 145
61334 61368 194
61335 61371 146
61362 61394 4
61379 61413 152
61381 61406 158
61403 61441 299
61430 61460 227
61454 61469 10
61469 61480 37
61492 61501 178
61498 61503 119
61503 61509 281
61533 61555 98
61542 61585 86
61560 61568 286
61584 61588 187
61592 61632 288
61617 61628 173
61619 61625 21
61633 61676 14
61644 61648 100
61674 61678 58
61701 61729 250
61701 61735 100
61726 61750 283
61740 61763 33
61750 61768 186
61750 61765 254
61755 61756 164
61771 61795 163
61782 61799 100
61785 61817 266
61811 61861 227
61821 61825 219
61849 61894 226
61849 61855 274
61870 61872 172
61885 61913 191
61894 61900 121
61900 61940 75
61915 61943 186
61929 61955 176
61958 61974 105
61975 62013 59
61983 61996 41
62008 62042 144
62012 62026 162
62030 62056 256
62032 62062 4
62060 62081 73
62063 62078 198
62077 62084 17
62084 62089 217
62102 62110 212
62122 62143 227
62134 62137 85
62151 62192 182
62178 62183 52
62205 62234 19
62235 62241 9
62240 62274 253
62241 62275 55
62268 62306 115
62279 62299 176
62284 62328 72
62311 62353 49
62329 62341 249
62348 62398 13
62349 62393 277
62373 62380 219
62385 62431 73
62403 62428 27
62425 62451 49
62426 62435 212
62444 62465 272
62471 62476 69
62473 62509 49
62477 62492 173
62497 62511 273
62514 62528 71
62533 62577 201
62541 62577 100
62558 62591 28
62584 62589 253
62602 62609 67
62626 62630 218
62647 62673 229
62661 62708 125
62662 62701 49
62668 62687 292
62668 62708 59
62677 62717 181
62696 62714 62
62698 62719 117
62723 62738 17
62732 62758 167
62733 62736 259
62745 62772 209
62750 62800 31
62750 62778 164
62768 62775 30
62796 62832 86
62816 62840 228
62816 62845 48
62840 62881 252
62851 62893 29
62857 62879 23
62883 62917 207
62898 62932 160
62922 62943 26
62951 63000 47
62970 62992 71
62996 63000 11
62999 63029 97
63001 63028 3
63011 63019 213
63026 63061 123
63053 63083 282
63066 63095 6
63096 63121 243
63112 63132 123
63138 63165 287
63155 63193 69
63170 63196 292
63181 63191 189
63202 63237 20
63221 63247 130
63245 63276 56
63262 63290 272
63279 63300 112
63300 63301 259
63317 63326 236
63329 63375 249
63336 63350 266
63340 63354 61
63341 63380 33
63365 63397 30
63390 63425 196
63399 63433 22
63416 63442 100
63422 63433 7
63439 63453 207
63441 63449 274
63443 63471 34
63455 63487 274
63481 63487 106
63507 63508 78
63514 63540 251
63543 63561 59
63548 63577 288
63573 63599 293
63575 63584 215
63583 63622 95
63587 63608 41
63602 63623 300
63615 63646 189
63627 63647 57
63653 63660 32
63672 63699 132
63694 63712 69
63713 63763 165
63736 63767 238
63741 63760 17
63768 63796 258
63797 63840 275
63802 63840 280
63808 63825 44
63817 63845 29
63818 63850 56
63831 63880 209
63857 63887 178
63864 63890 102
63891 63923 175
63899 63921 138
63902 63913 41
63921 63943 236
63942 63979 128
63958 63983 152
63978 64021 211
63989 64033 72
64001 64039 22
64010 64030 50
64011 64045 221
64038 64084 48
64040 64067 40
64059 64085 122
64078 64079 113
64103 64146 186
64107 64143 182
64132 64171 259
64151 64182 8
64154 64175 22
64165 64202 197
64172 64210 154
64187 64232 106
64216 64219 246
64218 64237 160
64236 64261 19
64243 64292 179
64267 64277 187
64295 64316 138
64318 64344 158
64332 64377 70
64351 64371 154
64351 64389 282
64372 64388 61
64388 64412 59
64388 64397 275
64418 64459 162
64428 64433 202
64449 64459 81
64474 64520 142
64478 64504 259
64479 64507 124
64491 64505 162
64508 64516 117
64508 64541 142
64530 64541 83
64531 64541 252
64557 64558 15
64562 64604 4
64578 64602 96
64598 64617 299
64612 64648 30
64637 64660 145
64662 64690 105
64667 64715 108
64687 64733 108
64695 64734 83
64714 64720 7
64718 64763 227
64727 64777 55
64739 64762 130
64741 64758 121
64764 64811 231
64778 64828 261
64781 64830 287
64797 64798 49
64823 64869 65
64850 64862 124
64850 64863 233
64871 64872 29
64900 64928 262
64912 64916 271
64919 64927 144
64936 64963 36
64938 64950 210
64938 64954 202
64943 64954 139
64970 64985 116
64990 65005 66
65005 65038 241
65009 65044 119
65032 65068 274
65055 65099 199
65079 65107 55
65096 65102 22
65118 65142 60
65125 65175 73
65145 65167 71
65170 65214 32
65187 65230 69
65216 65221 35
65232 65258 268
65242 65271 273
65264 65280 179
65274 65294 98
65278 65303 135
65296 65346 32
65326 65372 209
65331 65335 120
65354 65369 18
65368 65397 21
65391 65418 222
65420 65426 250
65440 65471 146
65449 65457 59
65452 65478 237
65473 65508 164
65496 65529 187
65511 65518 59
65527 65539 46
65529 65542 284
65536 65549 115
65541 65561 2
65569 65605 36
65591 65609 163
65614 65623 246
65634 65674 300
65636 65684 176
65646 65668 44
65658 65686 216
65670 65692 54
65677 65712 271
65696 65744 192
65701 65710 288
65730 65773 208
65751 65783 62
65771 65819 7
65794 65798 80
65804 65848 156
65824 65874 135
65849 65887 71
65856 65889 231
65858 65872 197
65888 65907 212
65890 65928 4
65914 65957 80
65941 65986 24
65962 65994 35
65989 66004 260
66005 66017 7
66032 66072 214
66059 66088 40
66088 66132 197
66116 66155 107
66119 66132 14
66121 66156 293
66125 66142 198
66139 66158 122
66144 66185 104
66147 66163 14
66164 66208 255
66170 66219 204
66197 66243 157
66214 66218 6
66236 66266 11
66240 66271 157
66261 66308 95
66283 66317 4
66287 66313 294
66300 66334 54
66317 66367 41
66334 66373 92
66364 66379 99
66390 66426 298
66394 66402 131
66407 66435 63
66430 66440 122
66436 66470 110
66448 66475 102
66476 66512 289
66504 66553 189
66505 66538 170
66516 66527 2
66532 66565 300
66559 66581 114
66569 66585 18
66597 66633 43
66623 66631 217
66630 66650 226
66642 66659 86
66659 66695 31
66671 66685 74
66682 66696 78
66696 66723 255
66722 66749 56
66740 66759 232
66740 66759 273
66747 66754 88
66775 66823 122
66805 66813 224
66811 66842 6
66820 66826 188
66845 66887 99
66852 66878 117
66878 66900 244
66906 66948 10
66921 66940 1
66943 66955 32
66956 66996 141
66956 66978 109
66957 66967 13
66977 67020 258
66991 67021 134
67016 67046 237
67024 67046 291
67054 67100 17
67068 67070 239
67085 67115 28
67094 67116 293
67124 67162 58
67129 67166 220
67152 67156 119
67181 67189 92
67205 67221 63
67221 67253 191
67229 67232 139
67238 67243 239
67259 67268 58
67272 67316 219
67276 67295 10
67287 67316 215
67308 67335 115
67337 67342 241
67366 67395 39
67370 67418 135
67390 67435 190
67418 67442 70
67424 67426 226
67440 67459 127
67449 67495 75
67449 67488 282
67462 67510 300
67478 67490 51
67480 67515 56
67504 67530 100
67513 67550 228
67533 67560 9
67561 67607 247
67591 67636 82
67614 67652 180
67624 67634 41
67645 67676 60
67670 67676 299
67691 67693 25
67695 67740 31
67725 67737 15
67727 67757 49
67751 67788 206
67752 67763 258
67777 67797 46
67802 67819 38
67832 67866 135
67844 67892 284
67861 67910 229
67890 67900 132
67893 67919 230
67903 67950 61
67930 67948 272
67946 67992 231
67968 68006 35
67971 68005 199
67988 67999 279
67994 68003 291
68006 68017 230
68008 68018 250
68013 68035 87
68024 68045 176
68026 68074 75
68038 68059 95
68066 68109 140
68072 68106 235
68097 68146 99
68126 68138 178
68145 68180 45
68147 68153 2
68150 68164 288
68157 68171 194
68182 68196 200
68191 68232 196
68199 68215 97
68215 68259 65
68235 68242 162
68254 68301 197
68276 68278 49
68293 68311 110
68294 68306 285
68300 68347 196
68320 68324 2
68322 68323 278
68323 68343 163
68331 68367 218
68344 68362 145
68371 68374 194
68377 68418 211
68379 68394 44
68399 68421 264
68428 68460 248
68454 68485 105
68483 68487 100
68504 68519 79
68505 68516 150
68525 68533 185
68553 68580 52
68574 68607 171
68595 68628 252
68620 68646 96
68640 68664 114
68660 68661 108
68670 68689 196
68693 68705 88
68710 68745 209
68723 68750 206
68732 68742 181
68732 68750 42
68738 68745 40
68747 68773 207
68768 68799 122
68789 68823 72
68817 68863 131
68826 68849 215
68850 68895 15
68857 68861 119
68872 68900 105
68889 68904 263
68906 68956 217
68925 68964 128
68936 68942 251
68941 68979 174
68970 69000 227
68994 69036 234
69021 69069 68
69027 69052 118
69039 69060 103
69039 69043 32
69044 69051 91
69058 69094 79
69084 69121 140
69099 69144 282
69116 69139 190
69128 69152 140
69152 69193 243
69165 69176 118
69177 69216 257
69178 69224 283
69193 69240 108
69219 69258 50
69248 69259 142
69254 69288 274
69269 69314 113
69274 69298 287
69283 69329 295
69312 69335 183
69338 69386 228
69338 69341 176
69348 69391 126
69354 69361 152
69377 69392 130
69385 69392 123
69394 69428 54
69396 69416 76
69415 69435 130
69418 69435 34
69435 69475 285
69451 69464 259
69455 69503 103
69478 69491 50
69508 69515 163
69516 69545 139
69534 69569 264
69553 69578 66
69574 69605 84
69594 69643 195
69612 69614 202
69628 69666 21
69652 69694 271
69659 69693 213
69681 69709 62
69703 69722 213
69727 69732 140
69734 69760 39
69763 69809 20
69788 69815 160
69809 69857 163
69831 69865 88
69843 69865 81
69853 69871 8
69862 69877 210
69867 69902 50
69867 69879 164
69872 69874 212
69889 69926 211
69916 69933 108
69936 69969 25
69943 69953 264
69958 69984 163
69981 70013 261
70006 70026 166
70011 70045 55
70036 70072 86
70041 70072 35
70063 70080 35
70069 70081 271
70096 70141 184
70101 70128 73
70126 70133 102
70126 70136 215
70152 70166 182
70171 70215 184
70182 70206 268
70211 70237 270
70223 70271 137
70230 70269 116
70258 70260 27
70281 70311 277
70281 70286 139
70285 70304 151
70305 70325 149
70310 70347 145
70314 70364 148
70338 70383 46
70342 70368 224
70355 70398 250
70370 70391 261
70373 70412 196
70402 70445 93
70429 70459 181
70449 70470 129
70461 70497 251
70491 70532 257
70503 70535 204
70504 70554 47
70508 70546 128
70519 70560 185
70548 70586 79
70549 70554 81
70576 70598 45
70596 70629 239
70604 70641 25
70605 70623 292
70625 70663 265
70632 70675 198
70633 70655 9
70653 70676 42
70658 70675 281
70671 70688 44
70691 70725 71
70691 70724 108
70707 70741 200
70711 70759 149
70720 70752 48
70748 70759 115
70762 70796 293
70788 70794 297
70815 70862 75
70820 70852 1
70839 70858 9
70848 70879 267
70849 70897 112
70871 70921 124
70888 70921 75
70907 70942 213
70910 70956 266
70939 70977 261
70954 70984 204
70974 70991 227
70982 70988 273
70997 71016 119
71016 71044 245
71042 71044 273
71068 71101 192
71090 71102 90
71108 71124 284
71129 71147 32
71151 71195 14
71173 71218 89
71174 71183 246
71175 71217 78
71197 71206 273
71217 71259 123
71225 71267 38
71253 71273 27
71269 71318 151
71279 71308 191
71292 71324 206
71294 71300 240
71309 71351 293
71331 71371 198
71344 71389 201
71359 71399 89
71365 71412 148
71388 71389 116
71406 71451 281
71414 71426 34
71437 71445 235
71437 71468 190
71437 71480 45
71452 71491 187
71477 71497 2
71504 71543 232
71506 71536 161
71514 71546 19
71524 71572 78
71536 71561 158
71553 71554 262
71574 71617 208
71580 71630 285
71609 71632 73
71639 71668 78
71649 71677 238
71660 71678 258
71689 71703 137
71719 71766 12
71739 71767 4
71749 71763 200
71750 71784 4
71766 71812 100
71766 71812 57
71780 71812 89
71809 71855 126
71820 71865 103
71838 71858 163
71855 71894 282
71857 71900 288
71861 71867 257
71881 71888 179
71888 71892 148
71914 71947 256
71929 71977 149
71935 71948 126
71961 71966 32
71966 72004 34
71992 71999 34
71994 72008 139
72023 72070 98
72023 72046 88
72030 72047 262
72043 72069 260
72052 72098 10
72069 72114 60
72091 72093 235
72119 72167 218
72138 72172 181
72154 72162 187
72170 72210 1
72186 72202 269
72201 72218 114
72207 72217 268
72226 72234 137
72243 72269 255
72271 72304 142
72292 72299 193
72297 72314 200
72303 72313 15
72314 72342 293
72344 72346 217
72348 72389 120
72364 72368 272
72388 72424 161
72399 72403 245
72423 72439 5
72431 72446 286
72449 72450 161
72468 72510 161
72489 72490 86
72496 72508 198
72515 72528 76
72530 72567 122
72531 72581 92
72540 72567 216
72562 72593 23
72567 72577 135
72571 72619 3
72595 72644 249
72614 72626 164
72617 72658 58
72634 72683 247
72647 72676 29
72672 72702 220
72679 72729 120
72685 72712 15
72685 72735 203
72693 72725 59
72714 72743 225
72739 72762 168
72747 72793 210
72750 72759 218
72759 72809 283
72783 72802 88
72788 72822 262
72816 72839 282
72844 72867 167
72859 72872 12
72885 72909 249
72894 72923 189
72910 72952 6
72930 72950 91
72955 72976 143
72985 72990 6
73007 73033 294
73033 73042 165
73055 73062 77
73076 73102 7
73086 73131 169
73115 73148 180
73144 73157 96
73155 73176 22
73161 73208 135
73187 73226 186
73217 73227 60
73218 73252 220
73243 73282 266
73250 73261 32
73255 73285 296
73284 73293 284
73300 73313 142
73328 73347 52
73343 73374 264
73361 73363 62
73364 73397 272
73379 73393 18
73394 73437 287
73398 73416 292
73407 73423 231
73414 73422 99
73427 73430 153
73431 73442 10
73434 73449 269
73440 73477 87
73441 73487 138
73460 73467 52
73466 73508 145
73483 73499 84
73502 73506 212
73528 73535 125
73530 73544 106
73554 73585 247
73570 73599 218
73577 73604 150
73577 73622 2
73602 73614 94
73625 73661 186
73654 73662 210
73664 73700 254
73682 73683 81
73687 73728 122
73709 73738 219
73713 73744 43
73736 73740 169
73736 73746 199
73737 73779 42
73753 73769 162
73758 73778 97
73771 73786 273
73786 73791 217
73796 73806 183
73798 73803 61
73825 73864 199
73825 73866 103
73833 73857 60
73861 73906 299
73886 73894 299
73894 73931 88
73901 73942 191
73918 73960 8
73941 73943 162
73944 73949 237
73964 74013 290
73967 74008 201
73984 74020 153
73989 73997 258
73999 74046 274
74002 74039 112
74006 74037 160
74030 74058 64
74033 74079 112
74039 74086 71
74049 74077 282
74052 74069 293
74068 74109 67
74068 74109 136
74088 74095 202
74088 74108 77
74090 74119 177
74108 74151 255
74128 74138 36
74144 74173 187
74174 74189 111
74190 74205 160
74205 74220 149
74220 74265 21
74250 74300 216
74256 74299 114
74265 74307 211
74271 74276 157
74295 74298 283
74309 74319 59
74330 74351 45
74358 74408 211
74369 74395 140
74377 74422 131
74404 74445 46
74427 74445 161
74452 74479 68
74456 74497 218
74462 74471 38
74465 74477 236
74488 74538 223
74517 74536 3
74523 74527 204
74548 74566 56
74554 74566 14
74557 74564 96
74569 74599 264
74580 74620 28
74597 74618 127
74620 74655 93
74637 74649 140
74656 74684 223
74658 74680 253
74679 74726 66
74693 74733 183
74711 74736 88
74733 74744 247
74739 74775 278
74767 74775 82
74785 74829 161
74797 74816 163
74798 74802 205
74808 74815 237
74825 74872 279
74849 74853 16
74874 74923 171
74896 74905 224
