5000
7 50 219
37 81 148
40 64 121
43 92 89
57 73 259
81 119 126
105 122 6
124 165 236
152 161 251
172 183 214
198 203 118
204 235 195
234 275 26
261 294 250
281 282 178
292 337 116
301 317 254
321 370 47
330 340 95
341 387 246
346 384 30
349 371 130
371 414 169
393 432 210
400 417 116
423 432 204
433 475 207
459 473 107
468 513 35
498 499 24
520 562 218
526 571 146
554 562 169
573 587 120
596 638 47
619 661 237
628 636 188
643 663 276
645 695 126
660 702 226
680 685 230
705 716 93
725 727 76
740 788 286
747 763 139
754 783 12
773 790 153
800 847 146
808 850 147
815 821 110
833 853 124
845 890 5
858 874 262
877 884 137
907 912 11
930 945 251
941 978 40
957 973 248
959 988 159
988 1023 75
991 1009 5
1009 1035 264
1012 1034 39
1033 1074 189
1061 1070 177
1066 1110 64
1068 1100 218
1086 1110 151
1090 1093 158
1104 1154 59
1123 1150 246
1144 1146 130
1155 1181 127
1161 1185 138
1191 1196 80
1192 1235 93
1213 1220 213
1236 1246 257
1247 1263 185
1252 1294 17
1280 1292 262
1292 1305 18
1305 1326 29
1318 1328 79
1323 1341 242
1352 1359 37
1355 1400 106
1378 1409 292
1381 1397 248
1394 1402 44
1413 1430 249
1438 1487 198
1446 1481 88
1454 1476 223
1466 1516 68
1486 1500 233
1512 1537 52
1525 1529 30
1536 1582 217
1555 1557 112
1563 1595 10
1566 1599 79
1568 1592 140
1589 1606 286
1602 1649 187
1617 1638 182
1646 1666 273
1674 1711 87
1680 1729 287
1701 1723 48
1716 1749 93
1722 1755 164
1738 1773 47
1756 1798 25
1781 1805 27
1802 1811 296
1830 1844 79
1830 1861 203
1835 1849 33
1860 1898 22
1877 1883 129
1907 1912 232
1928 1969 293
1945 1972 139
1963 1989 120
1978 1989 153
1979 1993 104
1985 1992 245
1995 2012 228
2006 2009 154
2014 2032 152
2030 2037 119
2035 2040 202
2054 2059 51
2065 2104 184
2081 2119 95
2109 2139 157
2120 2170 72
2134 2169 113
2162 2207 250
2176 2205 110
2206 2222 118
2210 2227 167
2222 2223 148
2240 2286 170
2248 2293 108
2269 2276 115
2298 2308 12
2313 2317 117
2328 2337 84
2345 2360 68
2356 2357 243
2372 2405 128
2380 2391 212
2387 2391 4
2396 2404 160
2424 2440 238
2448 2463 168
2475 2519 235
2498 2540 51
2498 2517 252
2518 2542 81
2548 2571 276
2571 2604 2
2597 2600 155
2625 2636 81
2647 2654 227
2656 2685 232
2656 2665 240
2658 2691 44
2671 2685 200
2677 2699 152
2690 2729 258
2718 2737 71
2721 2730 153
2749 2786 73
2763 2768 206
2774 2817 11
2801 2805 185
2815 2852 111
2844 2853 18
2845 2891 43
2861 2899 297
2861 2890 255
2866 2893 233
2866 2896 262
2882 2923 34
2890 2893 277
2897 2933 164
2924 2940 300
2942 2966 76
2963 3004 123
2965 3007 260
2977 3005 165
2986 3031 10
2999 3005 122
3018 3048 31
3027 3062 189
3046 3065 31
3054 3082 53
3073 3107 198
3102 3112 245
3104 3116 191
3106 3127 28
3114 3145 167
3120 3136 119
3126 3154 64
3154 3187 239
3159 3197 122
3177 3207 105
3187 3198 76
3189 3218 174
3212 3239 126
3242 3244 223
3257 3300 268
3274 3275 237
3278 3292 221
3291 3295 174
3307 3353 112
3311 3348 273
3316 3363 61
3325 3329 68
3332 3361 22
3335 3380 33
3344 3359 262
3351 3363 83
3367 3373 123
3371 3382 246
3379 3407 232
3386 3436 31
3394 3402 72
3417 3464 204
3422 3447 258
3436 3438 66
3463 3478 212
3472 3473 253
3476 3484 73
3488 3517 39
3515 3552 96
3523 3537 220
3527 3530 112
3532 3556 296
3549 3578 250
3567 3589 207
3576 3577 181
3591 3603 191
3595 3633 225
3596 3627 232
3625 3648 110
3627 3639 275
3627 3649 41
3631 3646 94
3634 3673 54
3638 3640 136
3658 3665 296
3671 3700 201
3691 3729 269
3695 3696 47
3709 3721 46
3725 3769 95
3743 3759 139
3772 3783 201
3777 3778 241
3785 3823 289
3810 3820 23
3817 3863 124
3847 3878 288
3854 3903 230
3856 3900 108
3862 3909 31
3877 3895 239
3889 3918 86
3891 3892 297
3917 3949 300
3939 3949 173
3966 4013 253
3970 4006 5
3982 3992 281
3987 4016 272
3994 4040 276
4021 4049 267
4033 4055 43
4059 4075 34
4065 4067 227
4084 4129 4
4105 4115 189
4118 4156 66
4119 4151 198
4133 4167 19
4137 4159 124
4152 4198 214
4181 4207 8
4190 4212 111
4199 4218 27
4212 4221 284
4224 4269 246
4233 4240 75
4256 4261 93
4282 4319 105
4283 4296 154
4300 4329 7
4304 4330 172
4304 4328 251
4312 4339 3
4337 4351 178
4360 4391 260
4361 4371 184
4382 4398 224
4412 4453 256
4432 4469 193
4455 4487 238
4474 4482 103
4477 4514 292
4481 4508 222
4499 4542 262
4521 4567 14
4526 4542 55
4539 4541 114
4567 4616 159
4578 4618 211
4596 4643 141
4625 4670 257
4630 4653 29
4638 4641 254
4642 4684 164
4651 4653 87
4674 4686 154
4685 4712 22
4700 4707 49
4717 4745 78
4746 4765 259
4759 4780 215
4762 4791 105
4781 4818 59
4792 4839 125
4811 4827 42
4835 4851 144
4863 4866 180
4875 4889 206
4891 4918 27
4898 4942 259
4922 4941 128
4949 4999 190
4954 4970 122
4965 4993 228
4968 5004 256
4979 5013 285
4990 5000 214
5000 5038 124
5007 5027 17
5021 5037 155
5045 5047 202
5061 5081 87
5072 5090 162
5100 5110 211
5102 5111 41
5116 5165 48
5128 5171 300
5149 5161 271
5160 5181 149
5189 5218 66
5208 5234 2
5232 5255 163
5256 5292 124
5269 5292 139
5272 5304 81
5281 5314 49
5296 5334 298
5309 5324 232
5313 5326 40
5326 5354 27
5327 5368 180
5335 5344 73
5351 5379 105
5369 5372 30
5377 5413 124
5406 5433 124
5427 5461 86
5438 5460 223
5458 5464 118
5467 5474 31
5485 5496 292
5485 5506 91
5495 5529 216
5510 5560 153
5534 5570 20
5555 5584 115
5575 5614 93
5575 5596 246
5594 5624 59
5612 5650 150
5641 5662 149
5662 5694 109
5674 5703 18
5674 5699 230
5690 5725 285
5713 5725 252
5725 5731 196
5733 5772 273
5763 5793 252
5773 5810 65
5773 5777 9
5790 5836 249
5810 5824 6
5813 5851 80
5828 5872 221
5845 5883 209
5845 5867 24
5854 5890 62
5864 5874 250
5884 5923 62
5897 5906 75
5922 5939 75
5939 5956 179
5952 5989 83
5961 5998 121
5989 6037 77
6017 6039 15
6038 6074 113
6067 6071 171
6084 6115 171
6110 6155 270
6117 6148 155
6125 6153 196
6144 6180 116
6166 6170 173
6169 6172 243
6185 6215 101
6191 6209 102
6193 6212 296
6216 6244 59
6246 6296 12
6269 6311 243
6275 6285 131
6293 6328 243
6313 6347 1
6331 6369 17
6356 6405 189
6360 6393 120
6362 6410 174
6381 6404 109
6402 6439 39
6418 6463 72
6439 6448 75
6454 6465 159
6468 6496 100
6496 6527 108
6513 6532 228
6525 6528 65
6528 6567 191
6531 6566 281
6557 6596 146
6579 6623 299
6591 6611 226
6612 6651 278
6639 6670 175
6655 6697 276
6685 6716 225
6712 6742 19
6732 6765 281
6744 6759 219
6756 6761 257
6778 6803 244
6798 6846 59
6807 6818 96
6815 6844 267
6816 6828 21
6827 6843 132
6848 6874 71
6870 6906 3
6884 6930 187
6909 6932 146
6918 6935 36
6940 6959 231
6953 6967 28
6968 7017 213
6981 6999 133
7001 7024 283
7005 7041 231
7028 7052 192
7044 7071 29
7061 7069 285
7081 7086 290
7100 7124 6
7113 7155 249
7117 7148 25
7130 7143 101
7145 7169 260
7150 7177 199
7153 7179 94
7161 7194 104
7177 7184 282
7205 7223 280
7232 7282 195
7252 7256 58
7269 7303 205
7297 7324 119
7322 7369 44
7342 7378 234
7347 7350 111
7377 7419 84
7384 7387 69
7401 7411 131
7425 7438 120
7433 7437 165
7460 7469 294
7467 7515 22
7476 7501 276
7503 7511 208
7519 7550 222
7532 7545 186
7555 7558 137
7578 7589 141
7606 7622 186
7636 7652 19
7656 7692 218
7678 7725 136
7696 7721 15
7713 7744 155
7728 7735 72
7732 7747 38
7736 7766 159
7748 7783 201
7763 7782 70
7785 7821 64
7805 7842 32
7824 7840 210
7852 7862 94
7856 7890 27
7858 7896 269
7873 7915 2
7885 7917 68
7901 7946 186
7914 7946 143
7917 7950 3
7930 7962 145
7937 7984 277
7961 7973 271
7989 7991 201
8015 8060 275
8035 8068 168
8055 8097 270
8070 8106 147
8083 8119 215
8102 8138 169
8115 8123 293
8138 8155 123
8138 8179 82
8143 8162 222
8151 8198 113
8174 8220 17
8181 8212 281
8206 8253 108
8222 8224 220
8226 8243 221
8232 8249 261
8232 8243 180
8254 8291 288
8268 8312 107
8269 8306 80
8292 8336 263
8298 8324 104
8318 8330 171
8345 8382 104
8368 8384 187
8380 8406 287
8398 8419 156
8418 8468 110
8433 8482 176
8443 8467 64
8453 8458 260
8480 8500 233
8490 8523 282
8494 8543 259
8508 8518 110
8513 8547 12
8520 8539 295
8547 8595 80
8576 8625 227
8600 8603 267
8606 8611 130
8636 8642 120
8636 8675 118
8650 8687 252
8657 8669 270
8677 8686 278
8701 8710 176
8710 8717 253
8739 8767 239
8764 8783 111
8770 8809 113
8788 8837 82
8788 8799 60
8796 8823 230
8810 8817 124
8816 8851 51
8842 8879 177
8842 8862 5
8871 8880 299
8877 8926 163
8902 8903 208
8913 8944 55
8933 8940 264
8961 8993 152
8968 8992 206
8970 8980 65
8973 8990 210
8983 9033 219
9009 9058 95
9013 9032 162
9035 9067 259
9054 9058 28
9082 9122 27
9098 9105 28
9102 9149 137
9103 9153 49
9128 9134 252
9150 9170 288
9154 9157 225
9154 9178 171
9167 9203 292
9167 9171 40
9175 9209 294
9205 9222 296
9214 9221 27
9229 9260 285
9239 9253 291
9244 9286 262
9252 9289 13
9278 9283 262
9298 9343 229
9314 9356 164
9316 9354 197
9338 9382 287
9355 9365 148
9380 9423 98
9406 9411 58
9411 9454 277
9421 9436 127
9450 9496 63
9476 9490 44
9488 9495 194
9498 9503 39
9504 9528 239
9534 9548 211
9541 9555 155
9559 9586 217
9563 9612 249
9565 9586 243
9567 9608 149
9589 9591 252
9597 9611 160
9603 9636 161
9632 9653 174
9659 9661 287
9677 9681 108
9683 9732 35
9707 9714 59
9714 9729 13
9716 9755 253
9726 9757 57
9753 9786 179
9774 9778 232
9802 9835 78
9805 9830 107
9828 9872 151
9848 9896 5
9859 9884 61
9883 9919 129
9901 9905 159
9922 9943 216
9942 9961 295
9951 9960 114
9958 10008 230
9970 9981 45
9977 9984 231
9980 10029 90
9981 10015 242
9992 10042 92
10019 10051 74
10046 10094 248
10051 10078 133
10061 10106 163
10074 10081 216
10102 10125 129
10129 10132 96
10141 10144 298
10166 10196 139
10189 10218 180
10200 10221 232
10222 10228 52
10247 10270 212
10265 10279 280
10295 10315 146
10299 10331 137
10311 10333 48
10317 10331 132
10319 10324 24
10329 10338 125
10335 10341 145
10354 10393 292
10370 10377 23
10395 10434 93
10424 10433 280
10454 10478 42
10474 10514 220
10475 10497 289
10503 10540 139
10533 10568 88
10537 10561 80
10549 10598 92
10563 10584 189
10584 10600 213
10584 10630 115
10610 10614 101
10632 10665 222
10656 10684 217
10679 10725 73
10691 10695 120
10712 10713 26
10715 10751 234
10721 10755 236
10746 10782 2
10759 10798 253
10761 10780 287
10762 10799 74
10786 10803 35
10807 10820 198
10817 10823 56
10832 10833 260
10845 10849 47
10860 10896 76
10877 10914 78
10878 10901 280
10885 10916 297
10905 10932 107
10914 10962 121
10932 10979 175
10958 10984 280
10968 10970 53
10968 10994 240
10987 10993 35
11011 11014 134
11039 11057 54
11044 11086 186
11071 11105 41
11092 11112 110
11098 11113 269
11108 11127 295
11124 11147 144
11154 11178 282
11154 11178 240
11167 11207 99
11181 11223 124
11209 11257 196
11216 11224 178
11216 11252 277
11231 11272 263
11244 11271 23
11258 11274 181
11287 11317 142
11307 11344 298
11313 11349 269
11325 11361 101
11331 11360 218
11355 11389 26
11382 11406 56
11392 11400 4
11411 11428 146
11435 11483 110
11446 11452 7
11467 11468 165
11486 11528 145
11496 11514 225
11525 11527 282
11547 11549 261
11577 11578 77
11590 11630 299
11595 11638 218
11624 11670 81
11654 11689 259
11656 11667 286
11681 11702 136
11707 11744 245
11722 11764 268
11741 11748 112
11769 11800 154
11773 11811 36
11785 11803 204
11814 11851 173
11834 11878 247
11836 11863 291
11865 11908 106
11885 11922 282
11887 11905 87
11898 11932 249
11903 11948 86
11909 11923 284
11929 11935 182
11958 11972 76
11981 11988 221
11983 11991 154
11988 11999 84
12010 12013 261
12020 12060 147
12021 12046 220
12022 12041 205
12036 12085 154
12037 12063 145
12048 12097 95
12073 12083 27
12100 12138 247
12117 12163 143
12139 12187 75
12150 12184 123
12176 12209 59
12190 12198 270
12196 12231 174
12209 12249 268
12223 12240 43
12251 12300 105
12263 12274 96
12271 12298 202
12294 12295 220
12306 12310 60
12316 12326 207
12323 12324 205
12343 12351 68
12348 12349 165
12362 12377 194
12382 12391 107
12382 12423 69
12403 12437 218
12410 12451 14
12423 12443 239
12443 12454 269
12448 12471 180
12470 12471 39
12496 12532 84
12505 12522 21
12519 12556 298
12519 12540 274
12549 12588 297
12556 12589 286
12581 12615 158
12598 12625 287
12611 12640 132
12630 12662 164
12654 12695 215
12678 12706 170
12692 12694 215
12705 12742 66
12730 12740 246
12732 12750 107
12744 12774 251
12744 12766 208
12762 12766 84
12780 12794 100
12793 12803 126
12818 12850 260
12848 12860 99
12858 12883 41
12858 12884 128
12869 12918 107
12882 12931 172
12912 12930 197
12920 12957 73
12948 12994 119
12951 12973 219
12953 12969 119
12959 13003 108
12986 12993 5
12987 12997 47
12991 13003 132
13000 13040 134
13020 13035 298
13049 13052 165
13076 13125 138
13094 13098 177
13116 13131 267
13135 13160 203
13147 13182 155
13156 13182 262
13183 13193 126
13200 13209 36
13223 13244 29
13249 13266 76
13267 13303 138
13271 13307 161
13293 13314 203
13299 13314 195
13328 13341 33
13348 13352 254
13355 13403 65
13370 13409 179
13396 13442 184
13405 13440 151
13427 13434 163
13436 13449 153
13461 13464 165
13491 13498 125
13512 13537 242
13530 13566 137
13553 13594 189
13579 13603 299
13592 13623 124
13602 13618 183
13603 13638 142
13610 13638 20
13620 13632 244
13650 13694 167
13655 13668 100
13665 13669 282
13695 13738 53
13712 13754 32
13725 13740 242
13746 13764 174
13771 13788 237
13773 13801 2
13773 13814 156
13780 13818 211
13800 13837 243
13805 13832 21
13805 13845 206
13820 13843 31
13847 13897 121
13856 13869 251
13886 13898 65
13898 13931 193
13928 13956 141
13953 13985 24
13961 13994 87
13966 14007 265
13977 14020 67
13980 14000 121
13992 14013 299
14003 14012 195
14016 14057 15
14030 14070 224
14036 14051 280
14047 14078 247
14048 14091 191
14052 14099 162
14059 14095 182
14076 14098 19
14101 14130 253
14122 14128 196
14132 14144 270
14132 14181 296
14132 14164 224
14143 14158 249
14157 14201 98
14172 14211 284
14181 14193 235
14210 14225 47
14233 14252 125
14250 14261 55
14260 14296 212
14262 14286 122
14276 14281 77
14296 14304 289
14297 14302 50
14303 14329 25
14307 14318 299
14331 14380 240
14359 14366 41
14382 14419 240
14408 14454 284
14437 14443 266
14461 14474 260
14481 14511 236
14495 14500 9
14512 14535 72
14515 14546 243
14524 14554 217
14547 14549 213
14555 14569 106
14580 14601 190
14595 14614 86
14603 14619 51
14607 14640 237
14630 14641 248
14657 14679 28
14658 14691 132
14685 14719 270
14700 14734 292
14721 14731 274
14728 14745 4
14757 14803 183
14780 14827 190
14787 14831 155
14797 14817 233
14820 14844 266
14820 14853 91
14846 14863 201
14858 14888 228
14861 14871 42
14874 14913 174
14898 14936 151
14916 14942 291
14925 14939 276
14927 14974 3
14947 14977 29
14957 14965 222
14982 15020 276
15007 15043 119
15037 15059 108
15039 15081 106
15068 15092 121
15071 15093 166
15097 15107 285
15125 15129 285
15153 15173 212
15156 15187 90
15186 15217 151
15193 15206 107
15222 15271 156
15245 15256 269
15249 15258 173
15263 15280 111
15284 15285 116
15299 15331 213
15308 15325 148
15313 15315 28
15326 15341 179
15340 15385 43
15358 15373 190
15360 15397 137
15375 15392 225
15375 15392 198
15385 15424 265
15387 15418 77
15398 15434 223
15403 15411 171
15429 15468 129
15433 15481 136
15447 15449 76
15455 15457 287
15482 15497 267
15484 15498 253
15503 15523 164
15523 15538 89
15546 15561 262
15564 15572 154
15579 15584 171
15590 15612 202
15600 15608 270
15623 15643 71
15630 15658 258
15636 15650 119
15646 15666 260
15669 15711 244
15674 15720 220
15681 15687 298
15684 15689 101
15695 15735 149
15711 15716 123
15727 15753 270
15734 15760 258
15735 15777 27
15750 15780 74
15752 15782 117
15770 15781 28
15791 15794 137
15804 15851 272
15806 15824 299
15812 15857 290
15828 15829 194
15849 15885 66
15856 15864 26
15861 15873 141
15872 15884 231
15885 15906 157
15885 15892 278
15902 15930 41
15916 15932 180
15919 15931 75
15928 15955 218
15935 15958 286
15951 15952 131
15956 15973 238
15976 16018 286
15988 16028 230
15992 16020 160
15992 16016 70
16007 16044 154
16033 16070 36
16033 16076 299
16052 16087 123
16081 16115 28
16110 16138 229
16132 16148 205
16151 16167 156
16177 16179 161
16184 16229 296
16190 16206 21
16219 16225 151
16230 16239 101
16254 16301 209
16256 16271 289
16256 16281 267
16275 16311 125
16296 16303 111
16296 16302 73
16305 16346 153
16321 16350 142
16330 16337 269
16346 16362 132
16370 16382 65
16387 16397 257
16412 16441 9
16428 16473 38
16443 16465 249
16443 16481 97
16463 16480 141
16489 16512 214
16497 16516 2
16522 16547 93
16552 16592 37
16561 16598 288
16566 16569 270
16592 16594 1
16596 16635 100
16606 16633 91
16614 16655 96
16625 16664 261
16654 16698 146
16673 16712 191
16696 16744 57
16718 16728 213
16722 16752 272
16725 16743 61
16740 16754 281
16759 16760 241
16761 16800 48
16776 16808 123
16779 16825 87
16801 16827 260
16826 16830 12
16840 16887 252
16848 16867 278
16863 16900 17
16883 16913 168
16889 16915 73
16901 16906 116
16923 16941 63
16945 16954 128
16961 17000 224
16979 17025 206
16993 17042 286
16995 17038 267
17011 17021 239
17021 17034 285
17044 17050 230
17058 17070 281
17076 17112 147
17088 17101 93
17118 17158 108
17121 17141 205
17139 17163 86
17161 17176 111
17188 17192 263
17215 17224 108
17230 17240 55
17245 17252 23
17248 17268 48
17269 17302 214
17279 17294 184
17285 17333 291
17289 17328 268
17289 17313 293
17295 17310 291
17321 17368 130
17343 17368 299
17355 17379 118
17367 17372 251
17369 17372 10
17393 17421 100
17394 17396 118
17413 17440 180
17423 17429 155
17426 17454 63
17434 17454 111
17459 17473 114
17474 17511 206
17497 17500 216
17499 17512 79
17513 17563 213
17516 17535 243
17516 17542 9
17531 17539 174
17541 17551 105
17546 17558 35
17555 17602 166
17557 17560 248
17585 17611 210
17614 17640 6
17639 17669 13
17641 17644 173
17657 17675 137
17663 17696 151
17687 17734 33
17687 17731 194
17698 17724 213
17704 17717 38
17714 17758 92
17735 17750 131
17744 17758 222
17757 17769 51
17775 17777 49
17781 17799 173
17794 17798 117
17811 17816 39
17820 17852 89
17838 17861 171
17849 17862 280
17858 17870 145
17879 17889 46
17886 17923 198
17904 17925 87
17904 17954 252
17921 17969 40
17926 17935 8
17943 17990 194
17964 17999 201
17993 18038 167
18011 18048 111
18020 18028 266
18048 18056 1
18077 18125 96
18100 18136 222
18100 18132 209
18114 18142 259
18133 18154 233
18136 18140 199
18151 18177 220
18156 18189 171
18175 18199 285
18190 18197 112
18207 18233 225
18219 18231 72
18245 18247 43
18275 18325 33
18290 18319 182
18310 18334 299
18338 18361 141
18343 18369 9
18364 18389 68
18391 18436 248
18416 18464 203
18438 18476 73
18458 18482 79
18477 18500 14
18504 18547 15
18530 18532 168
18532 18573 32
18556 18575 268
18562 18575 59
18580 18604 212
18581 18585 87
18584 18600 295
18607 18648 85
18622 18655 242
18627 18636 254
18640 18659 264
18644 18674 284
18659 18693 286
18675 18700 152
18704 18745 77
18707 18753 273
18712 18718 70
18727 18750 156
18748 18775 84
18778 18826 27
18785 18791 152
18811 18839 11
18824 18828 295
18847 18892 84
18877 18909 39
18882 18889 74
18891 18894 142
18905 18912 234
18917 18924 255
18922 18949 64
18947 18978 216
18962 19008 198
18962 19001 90
18989 19007 257
18989 19019 259
18997 19040 77
19018 19046 142
19029 19039 50
19047 19067 181
19054 19060 143
19081 19088 56
19101 19120 216
19101 19146 67
19129 19130 163
19157 19170 131
19187 19234 115
19199 19221 49
19204 19214 261
19232 19269 165
19252 19275 55
19272 19318 257
19273 19307 46
19294 19331 211
19299 19347 47
19306 19350 198
19318 19343 209
19325 19338 192
19339 19376 131
19340 19374 181
19357 19386 129
19380 19422 38
19397 19413 281
19415 19419 146
19435 19474 91
19437 19443 141
19440 19483 63
19468 19514 253
19489 19508 211
19493 19501 83
19501 19528 216
19521 19547 55
19537 19581 262
19563 19601 123
19567 19600 92
19589 19608 88
19617 19623 111
19627 19654 212
19646 19666 206
19657 19707 243
19668 19713 244
19671 19676 139
19692 19715 257
19700 19743 231
19702 19705 89
19712 19754 233
19724 19745 277
19725 19766 293
19745 19760 31
19755 19772 204
19776 19826 25
19786 19828 178
19794 19795 110
19821 19828 153
19832 19849 208
19848 19883 4
19864 19890 74
19866 19889 170
19870 19889 58
19896 19902 269
19921 19971 242
19936 19939 215
19940 19947 262
19941 19983 136
19960 19964 162
19981 19994 248
19989 20034 40
20017 20038 109
20047 20076 269
20065 20067 126
20087 20107 156
20095 20128 14
20116 20124 8
20117 20146 144
20141 20190 5
20146 20160 205
20159 20189 190
20171 20208 264
20174 20206 83
20185 20197 5
20201 20221 295
20221 20240 295
20232 20246 66
20234 20240 173
20246 20280 2
20259 20261 40
20270 20316 234
20290 20293 300
20306 20337 184
20317 20334 63
20347 20365 25
20365 20407 64
20379 20380 13
20396 20427 63
20408 20425 104
20432 20446 116
20451 20462 112
20480 20514 113
20504 20534 71
20533 20561 62
20556 20602 35
20584 20586 157
20610 20627 132
20610 20631 28
20627 20638 97
20638 20639 60
20663 20711 226
20669 20686 260
20686 20728 157
20701 20743 271
20721 20750 220
20722 20732 182
20731 20760 216
20737 20758 91
20762 20776 168
20788 20805 75
20794 20829 151
20798 20831 207
20824 20828 107
20826 20864 76
20853 20894 120
20875 20884 148
20902 20951 243
20909 20936 272
20938 20978 266
20946 20959 109
20951 20968 90
20951 20963 294
20978 21002 187
20995 21010 37
21012 21040 213
21030 21041 70
21047 21058 277
21065 21082 237
21068 21115 273
21079 21092 35
21093 21127 295
21093 21101 121
21122 21147 290
21143 21167 95
21149 21176 220
21159 21195 231
21186 21230 99
21187 21221 279
21209 21238 276
21221 21242 33
21224 21258 253
21251 21259 149
21254 21282 243
21255 21257 280
21280 21281 93
21308 21321 218
21318 21319 31
21320 21345 170
21341 21367 289
21367 21384 186
21386 21403 208
21393 21412 45
21415 21422 162
21434 21476 180
21444 21461 203
21467 21479 198
21494 21537 96
21517 21559 45
21542 21554 243
21572 21586 154
21576 21585 145
21580 21590 242
21608 21623 212
21609 21650 271
21630 21638 168
21651 21661 197
21677 21680 29
21700 21729 271
21729 21777 77
21749 21776 292
21750 21782 147
21768 21810 21
21772 21801 170
21784 21831 274
21814 21842 121
21833 21876 296
21845 21882 221
21872 21914 87
21877 21913 188
21897 21921 7
21897 21926 188
21915 21951 161
21924 21931 131
21951 22001 222
21966 21976 156
21987 22034 203
22009 22022 51
22018 22032 105
22036 22056 258
22039 22077 300
22051 22069 219
22079 22096 264
22106 22109 70
22124 22131 138
22153 22162 61
22154 22201 45
22181 22204 203
22191 22210 212
22193 22237 48
22206 22211 114
22236 22272 70
22263 22303 40
22293 22329 292
22293 22325 35
22295 22314 9
22303 22352 98
22303 22309 105
22307 22308 70
22335 22345 206
22346 22379 145
22347 22377 232
22372 22414 208
22395 22415 205
22404 22446 50
22411 22441 156
22430 22475 206
22450 22460 281
22450 22457 61
22453 22502 187
22480 22527 141
22492 22523 88
22519 22557 203
22526 22542 188
22544 22588 209
22561 22582 124
22580 22594 267
22590 22598 252
22602 22651 192
22625 22639 94
22648 22678 76
22670 22693 207
22684 22733 298
22697 22731 136
22697 22710 236
22725 22754 142
22727 22740 216
22750 22782 134
22767 22800 42
22767 22770 216
22784 22828 247
22812 22862 25
22814 22829 31
22818 22862 196
22847 22849 174
22863 22896 26
22889 22902 290
22908 22940 272
22920 22965 119
22933 22946 283
22950 22979 240
22976 23024 90
22983 23021 257
22990 23031 122
23004 23015 220
23010 23043 49
23037 23045 54
23061 23087 117
23078 23086 138
23080 23097 33
23092 23109 225
23095 23145 71
23114 23137 240
23134 23145 239
23143 23151 178
23160 23178 100
23172 23220 269
23176 23198 105
23195 23245 128
23214 23215 1
23231 23267 288
23240 23273 33
23245 23273 17
23270 23284 89
23291 23334 106
23309 23341 76
23332 23343 152
23345 23380 292
23360 23393 239
23386 23406 195
23405 23411 156
23434 23480 124
23451 23477 300
23461 23472 4
23461 23479 266
23488 23533 46
23500 23529 271
23511 23520 259
23538 23584 284
23554 23571 282
23583 23593 160
23583 23610 86
23610 23644 13
23634 23656 54
23664 23687 298
23676 23680 258
23691 23701 229
23695 23720 127
23709 23740 29
23731 23746 88
23761 23775 33
23790 23836 284
23790 23831 268
23820 23827 175
23837 23841 292
23840 23848 193
23842 23884 267
23863 23889 277
23876 23894 54
23886 23917 88
23887 23895 148
23916 23964 193
23935 23981 271
23945 23968 133
23954 23985 198
23957 23991 173
23977 24027 229
24007 24046 274
24015 24046 254
24043 24093 269
24056 24099 204
24064 24114 189
24066 24084 53
24094 24103 40
24116 24152 108
24126 24160 193
24155 24162 110
24173 24220 223
24183 24214 255
24189 24212 61
24201 24204 62
24208 24233 208
24216 24248 101
24240 24275 183
24257 24296 80
24258 24295 147
24274 24306 136
24302 24322 209
24319 24343 227
24340 24384 170
24346 24371 95
24352 24390 114
24366 24377 271
24372 24419 80
24372 24418 199
24391 24392 242
24394 24443 284
24402 24442 159
24407 24438 175
24409 24450 250
24431 24456 73
24440 24479 26
24448 24492 54
24478 24498 171
24483 24487 269
24490 24534 41
24493 24514 156
24522 24544 62
24533 24548 8
24557 24576 102
24563 24612 205
24578 24605 93
24586 24618 239
24589 24621 117
24590 24596 177
24601 24635 285
24620 24624 273
24636 24685 139
24661 24662 277
24663 24702 64
24683 24703 64
24702 24725 200
24728 24774 97
24734 24779 109
24738 24743 259
24763 24806 124
24787 24822 249
24815 24839 127
24836 24862 188
24853 24884 121
24858 24863 232
24870 24881 193
24895 24920 14
24922 24935 190
24945 24956 174
24967 25009 183
24969 24975 175
24985 24987 110
24998 25032 221
25008 25016 238
25016 25049 134
25044 25075 110
25062 25063 227
25067 25099 4
25074 25108 138
25078 25093 203
25080 25106 195
25109 25114 298
25136 25151 147
25160 25201 124
25171 25175 60
25197 25207 54
25211 25243 223
25229 25249 78
25250 25284 291
25250 25269 220
25266 25287 69
25283 25309 256
25283 25301 212
25290 25294 37
25300 25320 46
25317 25319 150
25334 25345 144
25352 25367 16
25371 25378 154
25400 25444 135
25429 25439 121
25456 25470 28
25482 25511 133
25488 25529 91
25515 25516 202
25518 25563 213
25543 25560 159
25571 25600 222
25598 25604 18
25610 25632 239
25628 25668 220
25646 25667 44
25660 25661 149
25669 25684 24
25684 25704 91
25705 25706 11
25710 25737 147
25711 25726 278
25730 25756 165
25735 25759 67
25760 25783 277
25769 25815 104
25788 25800 106
25817 25863 254
25823 25858 130
25825 25860 196
25841 25883 245
25855 25884 187
25877 25918 224
25902 25905 102
25921 25948 123
25934 25951 53
25958 25996 281
25962 26004 115
25989 26035 46
26019 26031 164
26032 26055 127
26038 26079 59
26055 26098 38
26072 26106 51
26097 26137 62
26120 26134 268
26149 26179 203
26167 26178 29
26173 26189 65
26173 26177 212
26175 26189 273
26189 26198 91
26203 26253 218
26229 26264 276
26232 26277 244
26260 26261 104
26269 26271 43
26296 26336 102
26314 26353 62
26314 26319 178
26339 26369 47
26361 26376 226
26381 26395 55
26398 26413 154
26398 26433 115
26398 26435 65
26421 26471 251
26426 26434 16
26430 26471 211
26431 26458 258
26452 26458 218
26472 26511 91
26474 26484 220
26494 26528 151
26515 26535 201
26517 26556 226
26526 26559 78
26541 26579 90
26567 26616 140
26576 26591 274
26600 26618 14
26621 26661 74
26628 26658 182
26654 26696 170
26675 26712 149
26684 26731 55
26693 26701 119
26695 26740 94
26725 26771 23
26727 26771 160
26743 26785 22
26751 26778 131
26769 26806 69
26796 26834 92
26799 26835 221
26800 26805 96
26827 26835 298
26857 26859 286
26862 26909 129
26879 26885 8
26895 26933 98
26913 26926 191
26915 26928 230
26935 26942 238
26942 26948 179
26964 26978 163
26973 26999 80
26985 27026 193
27003 27044 297
27032 27075 223
27037 27053 162
27050 27086 213
27055 27102 254
27079 27093 181
27099 27141 255
27116 27147 268
27131 27133 195
27154 27200 232
27172 27181 125
27195 27199 225
27216 27240 74
27230 27274 129
27241 27260 271
27254 27300 17
27254 27258 181
27273 27293 176
27289 27295 211
27303 27336 141
27321 27350 170
27337 27355 186
27356 27357 45
27359 27364 237
27376 27399 99
27399 27425 268
27411 27416 259
27438 27480 9
27443 27464 128
27460 27484 85
27467 27514 60
27483 27516 81
27494 27533 272
27523 27558 145
27534 27572 60
27555 27601 294
27576 27593 285
27591 27633 31
27608 27658 110
27629 27674 162
27655 27660 104
27670 27672 167
27677 27724 136
27688 27737 208
27692 27733 213
27722 27763 155
27740 27741 1
27744 27776 144
27766 27775 255
27770 27820 164
27797 27833 161
27821 27867 108
27828 27833 241
27857 27883 34
27867 27884 173
27874 27875 226
27877 27917 113
27906 27929 170
27928 27939 7
27944 27978 119
27945 27967 141
27952 27978 116
27978 28021 286
28004 28015 202
28016 28042 152
28031 28069 50
28034 28070 73
28038 28066 256
28047 28092 95
28059 28073 208
28083 28109 134
28111 28139 1
28140 28152 225
28149 28194 146
28162 28188 41
28177 28183 277
28198 28205 298
28228 28252 64
28256 28300 296
28273 28313 67
28276 28300 260
28283 28316 101
28308 28338 245
28326 28351 243
28329 28365 52
28342 28385 151
28351 28394 201
28363 28396 251
28369 28396 104
28373 28401 159
28373 28400 57
28403 28414 143
28416 28425 178
28440 28462 266
28457 28458 17
28460 28508 228
28462 28503 37
28470 28516 99
28483 28511 33
28508 28513 212
28529 28546 168
28559 28579 198
28567 28614 171
28577 28583 99
28593 28629 120
28622 28629 177
28626 28644 129
28653 28677 33
28670 28718 269
28695 28702 87
28701 28741 126
28715 28731 82
28732 28747 261
28735 28768 293
28752 28796 144
28775 28792 103
28797 28812 298
28819 28838 111
28826 28866 177
28847 28864 169
28870 28903 198
28876 28897 105
28881 28928 270
28909 28941 265
28922 28935 231
28952 28963 69
28973 29022 79
28975 28980 132
28983 28990 53
29006 29022 68
29035 29077 268
29041 29069 13
29067 29074 173
29074 29111 83
29075 29096 84
29094 29129 101
29118 29146 53
29134 29151 252
29150 29180 205
29168 29206 236
29177 29187 175
29194 29214 220
29215 29223 287
29236 29269 111
29243 29274 238
29262 29297 62
29265 29297 283
29274 29293 5
29276 29311 52
29279 29317 215
29292 29315 289
29295 29337 258
29321 29347 239
29346 29349 266
29357 29407 139
29373 29418 34
29387 29404 8
29411 29448 207
29421 29442 17
29441 29471 76
29463 29473 7
29487 29494 84
29517 29545 144
29545 29578 253
29549 29596 82
29562 29568 34
29588 29606 286
29590 29632 221
29597 29623 69
29626 29673 78
29651 29664 157
29671 29689 165
29680 29695 206
29698 29743 44
29718 29746 236
29730 29731 220
29747 29755 17
29762 29768 90
29778 29793 40
29801 29806 295
29808 29851 268
29818 29820 96
29846 29892 239
29859 29885 250
29888 29931 226
29894 29939 143
29922 29949 138
29952 29973 115
29966 29991 90
29988 30008 136
30009 30018 184
30029 30045 244
30053 30078 123
30063 30089 188
30069 30118 137
30090 30117 228
30106 30155 198
30106 30146 230
30135 30156 107
30148 30173 141
30167 30206 153
30167 30194 53
30172 30214 74
30200 30220 46
30210 30229 94
30232 30274 28
30236 30245 11
30237 30251 55
30262 30277 277
30282 30298 266
30309 30354 137
30324 30367 134
30325 30366 129
30326 30367 209
30351 30386 223
30363 30373 254
30374 30410 264
30392 30438 223
30416 30424 37
30435 30455 270
30440 30459 16
30470 30511 156
30493 30504 186
30512 30542 124
30515 30535 212
30525 30558 132
30540 30575 19
30559 30568 106
30567 30587 94
30570 30595 247
30597 30606 54
30626 30627 128
30654 30699 268
30667 30677 249
30678 30687 177
30679 30716 60
30680 30682 286
30706 30716 127
30722 30768 293
30722 30762 262
30733 30744 15
30747 30795 299
30756 30795 207
30777 30822 51
30780 30819 108
30804 30828 167
30817 30841 262
30824 30849 146
30839 30854 97
30856 30891 121
30881 30930 108
30886 30921 205
30892 30925 18
30906 30945 154
30906 30913 183
30923 30935 91
30944 30973 184
30953 30971 173
30975 31013 153
30980 31024 299
30996 31031 239
31021 31037 34
31045 31089 137
31046 31082 226
31061 31098 242
31083 31109 249
31110 31141 83
31126 31169 173
31154 31156 268
31158 31198 144
31181 31223 28
31197 31211 106
31217 31266 294
31246 31262 79
31248 31297 142
31248 31264 209
31254 31261 265
31260 31276 291
31290 31298 228
31293 31325 267
31297 31310 70
31311 31352 247
31315 31329 268
31323 31333 56
31335 31347 96
31354 31359 166
31365 31392 81
31379 31387 284
31393 31433 62
31394 31430 194
31403 31415 165
31425 31471 265
31450 31477 64
31455 31488 249
31457 31497 3
31457 31459 95
31468 31483 173
31488 31510 238
31498 31518 189
31502 31511 131
31526 31529 4
31540 31556 186
31569 31587 211
31592 31596 96
31602 31626 235
31609 31635 24
31632 31650 18
31653 31683 203
31675 31705 32
31698 31740 245
31699 31735 165
31725 31733 85
31725 31760 90
31731 31746 37
31756 31806 226
31764 31778 297
31770 31773 257
31777 31813 144
31788 31796 59
31818 31860 45
31841 31870 160
31868 31907 184
31878 31909 220
31879 31885 219
31880 31900 95
31884 31919 150
31908 31927 205
31938 31955 202
31949 31966 265
31955 31963 7
31960 31987 101
31977 31998 115
31984 32023 40
32002 32052 228
32025 32074 98
32032 32078 187
32037 32074 284
32066 32085 280
32078 32087 231
32097 32101 84
32122 32140 212
32126 32144 154
32131 32155 63
32134 32168 51
32149 32172 53
32167 32197 123
32172 32213 264
32174 32175 49
32184 32189 154
32190 32213 209
32196 32222 36
32226 32266 154
32244 32245 61
32264 32291 54
32283 32315 158
32290 32318 188
32303 32348 256
32303 32308 31
32328 32329 216
32344 32383 219
32374 32381 213
32392 32400 187
32408 32449 287
32435 32475 280
32464 32478 228
32478 32493 259
32498 32542 114
32498 32529 242
32507 32510 260
32524 32533 289
32524 32530 183
32530 32553 170
32543 32565 161
32572 32589 197
32581 32605 229
32599 32641 228
32599 32607 136
32610 32611 180
32611 32621 206
32633 32666 74
32648 32687 275
32656 32689 182
32672 32678 94
32673 32697 9
32687 32697 58
32709 32718 14
32723 32753 268
32748 32775 199
32775 32790 236
32798 32847 150
32812 32831 122
32832 32877 253
32832 32834 20
32843 32858 128
32869 32898 93
32894 32944 53
32918 32947 67
32928 32931 81
32948 32981 277
32972 33005 131
32988 33013 165
33013 33051 220
33031 33064 97
33051 33098 139
33066 33085 295
33095 33122 207
33116 33131 251
33132 33176 64
33158 33170 267
33169 33173 263
33198 33218 289
33214 33252 261
33242 33245 181
33246 33251 144
33248 33279 48
33271 33298 254
33299 33306 60
33324 33330 57
33340 33350 88
33368 33394 198
33368 33396 98
33372 33391 257
33390 33422 57
33394 33398 135
33413 33419 125
33416 33457 300
33419 33464 19
33449 33464 245
33452 33456 36
33466 33486 125
33478 33510 158
33507 33539 296
33533 33553 175
33555 33566 272
33558 33595 110
33564 33568 29
33592 33609 201
33599 33628 33
33613 33614 283
33633 33657 211
33644 33658 257
33651 33694 151
33674 33715 99
33686 33709 300
33706 33723 243
33736 33769 226
33746 33778 70
33776 33822 6
33794 33810 149
33811 33840 51
33841 33844 209
33859 33871 204
33878 33900 89
33899 33947 96
33911 33925 52
33940 33981 289
33961 33994 67
33961 33995 50
33973 34012 195
33981 33995 266
34010 34059 139
34017 34020 51
34045 34050 19
34059 34087 213
34083 34098 84
34084 34098 143
34108 34115 193
34115 34132 34
34139 34143 255
34149 34183 45
34155 34200 161
34180 34212 200
34181 34193 238
34190 34238 109
34218 34231 140
34245 34282 109
34260 34304 36
34262 34304 19
34269 34300 236
34290 34302 272
34309 34327 96
34320 34361 15
34323 34337 36
34326 34350 1
34348 34354 153
34376 34379 64
34385 34433 254
34385 34402 144
34405 34453 39
34406 34433 296
34432 34452 206
34445 34466 292
34449 34461 214
34455 34461 199
34480 34522 76
34493 34519 27
34494 34533 240
34512 34542 164
34538 34543 285
34562 34584 4
34592 34640 59
34595 34601 275
34624 34662 16
34638 34676 198
34650 34662 247
34658 34676 170
34665 34696 138
34665 34686 55
34672 34689 155
34673 34720 18
34675 34688 277
34683 34693 66
34705 34721 136
34710 34735 293
34730 34754 162
34753 34779 58
34760 34792 23
34763 34766 259
34781 34801 149
34792 34832 244
34813 34839 202
34822 34862 249
34830 34864 109
34851 34869 187
34881 34907 220
34898 34928 254
34922 34934 230
34943 34978 56
34943 34977 37
34962 35002 95
34983 35001 210
34996 35004 125
35007 35038 245
35024 35031 251
35036 35077 181
35064 35111 229
35073 35109 87
35086 35123 35
35102 35113 110
35131 35171 258
35140 35171 109
35155 35160 206
35160 35188 216
35165 35176 216
35189 35223 82
35193 35202 9
35217 35241 264
35217 35225 3
35230 35258 49
35247 35294 216
35247 35259 295
35273 35317 58
35299 35348 232
35329 35343 107
35337 35375 85
35346 35396 300
35367 35369 140
35383 35417 134
35400 35443 253
35422 35439 17
35430 35471 178
35433 35456 299
35451 35469 63
35466 35485 39
35494 35498 293
35520 35543 254
35525 35535 111
35552 35563 39
35565 35586 249
35566 35614 219
35568 35580 128
35583 35597 92
35593 35594 212
35597 35641 253
35608 35653 237
35623 35637 102
35625 35636 32
35646 35678 198
35647 35671 56
35666 35679 240
35692 35721 289
35714 35743 248
35743 35751 16
35763 35770 242
35770 35799 265
35785 35821 46
35805 35850 116
35824 35863 297
35834 35844 118
35849 35891 70
35864 35909 274
35891 35892 85
35902 35907 27
35918 35925 236
35944 35993 37
35954 35958 260
35962 35974 216
35977 36006 57
35991 36003 155
36002 36034 87
36019 36058 109
36039 36061 57
36062 36074 164
36067 36077 246
36074 36082 119
36102 36145 171
36111 36146 210
36119 36154 46
36119 36156 50
36134 36136 107
36142 36155 248
36148 36192 285
36148 36149 258
36157 36167 23
36175 36188 78
36190 36229 76
36219 36231 279
36248 36249 113
36252 36256 7
36259 36298 75
36281 36287 184
36291 36308 284
36317 36339 261
36343 36373 46
36371 36407 91
36373 36383 299
36400 36419 270
36402 36423 53
36417 36424 189
36439 36483 159
36440 36490 246
36455 36464 53
36476 36479 240
36501 36528 33
36525 36537 115
36525 36533 171
36533 36555 93
36536 36581 69
36549 36597 76
36572 36621 82
36581 36630 229
36607 36616 138
36637 36644 67
36657 36661 142
36685 36725 142
36687 36705 15
36696 36745 278
36721 36764 247
36751 36793 176
36780 36823 141
36805 36849 280
36823 36861 268
36847 36876 41
36874 36889 35
36893 36929 235
36911 36956 250
36936 36974 106
36943 36960 108
36954 36980 155
36960 36984 189
36977 36981 178
36992 37002 245
37004 37054 212
37032 37079 155
37043 37056 20
37064 37065 187
37087 37089 213
37113 37131 26
37114 37146 191
37130 37132 143
37147 37158 223
37153 37157 105
37154 37170 28
37176 37209 60
37184 37230 8
37213 37230 162
37222 37234 2
37235 37251 21
37251 37258 226
37267 37272 218
37279 37318 57
37293 37297 287
37315 37337 259
37325 37360 54
37331 37379 135
37331 37342 203
37360 37365 265
37381 37412 128
37388 37392 160
37414 37455 75
37417 37420 245
37436 37459 194
37457 37469 85
37481 37501 287
37497 37513 113
37523 37531 253
37537 37576 239
37563 37610 292
37578 37619 258
37583 37624 289
37608 37610 33
37632 37634 242
37635 37655 261
37655 37659 295
37675 37717 93
37702 37705 269
37714 37727 145
37721 37749 258
37736 37761 84
37739 37788 144
37762 37766 216
37774 37789 159
37790 37792 252
37796 37831 172
37802 37836 195
37817 37853 298
37828 37864 260
37841 37878 199
37866 37913 172
37888 37928 132
37905 37939 74
37912 37932 50
37931 37964 42
37955 37977 202
37960 37992 103
37962 37992 50
37985 38014 102
37993 38035 299
38017 38027 51
38021 38046 228
38034 38037 165
38040 38071 55
38060 38090 238
38062 38087 115
38069 38117 179
38076 38110 240
38080 38111 153
38109 38128 7
38127 38176 275
38154 38156 5
38179 38198 216
38205 38242 70
38233 38265 278
38256 38264 166
38281 38282 200
38285 38329 124
38312 38358 44
38337 38370 270
38349 38363 168
38367 38370 173
38370 38388 246
38395 38400 89
38405 38439 202
38412 38459 207
38422 38443 250
38427 38449 158
38456 38479 250
38471 38493 264
38498 38547 165
38508 38510 27
38511 38538 86
38538 38588 53
38554 38582 58
38570 38612 206
38579 38605 221
38609 38633 221
38624 38662 49
38640 38647 260
38659 38694 109
38667 38709 124
38675 38680 266
38695 38716 77
38707 38747 210
38709 38744 217
38729 38752 197
38734 38747 209
38749 38767 251
38756 38772 169
38778 38789 267
38796 38809 246
38811 38859 96
38836 38854 15
38857 38866 29
38868 38899 254
38897 38913 181
38903 38931 280
38923 38945 228
38945 38961 252
38974 38986 210
38996 39028 81
39015 39056 121
39045 39093 85
39059 39084 295
39062 39082 253
39074 39082 5
39088 39113 90
39097 39129 55
39109 39116 185
39132 39156 40
39135 39141 54
39151 39199 290
39161 39200 266
39179 39198 245
39184 39188 147
39210 39221 101
39233 39238 191
39242 39276 138
39248 39264 254
39269 39316 247
39287 39334 107
39302 39351 270
39332 39360 290
39359 39405 205
39387 39434 195
39393 39421 64
39409 39426 67
39413 39455 118
39434 39465 161
39457 39481 246
39485 39494 150
39490 39522 21
39519 39524 33
39521 39540 282
39522 39550 83
39548 39581 151
39565 39586 55
39573 39593 278
39591 39600 183
39599 39604 49
39610 39618 53
39634 39636 156
39647 39654 258
39661 39664 76
39678 39695 39
39693 39737 19
39714 39717 17
39716 39759 214
39737 39777 257
39747 39773 219
39756 39780 84
39764 39811 83
39786 39823 83
39794 39835 89
39802 39849 293
39810 39850 222
39830 39880 229
39856 39867 162
39863 39877 213
39889 39929 297
39890 39921 179
39920 39932 196
39920 39961 132
39943 39955 40
39944 39986 206
39961 39981 218
39981 40001 278
40004 40009 49
40014 40035 107
40018 40053 230
40028 40037 61
40030 40050 12
40057 40096 252
40077 40087 89
40102 40149 21
40104 40134 166
40113 40133 8
40119 40151 120
40145 40167 22
40170 40205 158
40171 40190 98
40175 40204 105
40181 40197 248
40203 40243 39
40230 40244 240
40257 40275 272
40269 40304 177
40282 40302 230
40305 40309 261
40317 40319 57
40340 40376 157
40357 40395 221
40360 40368 211
40378 40403 223
40394 40403 205
40403 40404 233
40429 40473 212
40434 40439 164
40460 40492 125
40485 40508 91
40496 40526 91
40514 40547 95
40538 40574 267
40561 40569 114
40576 40583 47
40577 40588 256
40585 40635 286
40595 40625 153
40617 40625 265
40638 40666 128
40649 40688 72
40654 40696 18
40682 40708 247
40695 40698 107
40707 40713 100
40726 40736 27
40739 40769 68
40745 40763 261
40774 40778 248
40794 40808 168
40795 40796 225
40795 40831 253
40804 40836 205
40832 40878 113
40838 40863 54
40857 40861 55
40881 40916 208
40904 40927 26
40912 40913 26
40927 40945 148
40933 40978 241
40945 40988 229
40958 40997 209
40968 40971 132
40977 40983 248
40989 41021 66
41017 41030 124
41018 41055 282
41029 41045 135
41048 41077 174
41062 41093 95
41091 41123 142
41098 41146 286
41100 41139 168
41127 41150 252
41145 41176 92
41145 41152 242
41165 41193 168
41171 41191 124
41180 41202 8
41186 41233 15
41213 41249 123
41217 41242 18
41217 41240 154
41237 41261 283
41247 41250 1
41267 41316 84
41275 41284 154
41292 41311 217
41316 41317 113
41344 41351 169
41362 41384 74
41371 41416 80
41400 41447 293
41401 41438 251
41418 41458 155
41432 41474 202
41453 41485 239
41463 41498 274
41492 41532 122
41504 41532 76
41507 41555 26
41529 41552 193
41535 41577 225
41558 41589 22
41582 41595 173
41608 41610 5
41622 41667 265
41623 41642 177
41643 41676 227
41668 41681 192
41687 41733 147
41706 41721 260
41733 41751 83
41740 41754 205
41754 41770 244
41777 41821 152
41801 41842 284
41821 41860 89
41821 41832 78
41838 41888 293
41865 41868 15
41890 41921 274
41890 41936 207
41914 41920 15
41935 41947 102
41964 41965 17
41973 42009 58
41991 42009 50
42001 42002 206
42002 42003 279
42031 42058 133
42045 42092 8
42068 42118 201
42096 42119 300
42111 42125 41
42136 42165 272
42161 42194 105
42187 42224 248
42212 42227 44
42237 42266 289
42260 42307 80
42271 42284 225
42278 42303 156
42302 42341 134
42331 42380 137
42335 42347 59
42342 42348 128
42367 42379 104
42388 42399 246
42400 42441 195
42428 42444 67
42449 42456 139
42453 42501 105
42481 42502 43
42507 42512 163
42520 42562 253
42537 42567 140
42538 42567 68
42550 42586 244
42570 42598 186
42582 42615 73
42586 42601 50
42610 42622 103
42632 42652 97
42657 42662 14
42660 42693 126
42690 42725 224
42709 42752 265
42739 42756 257
42757 42798 88
42782 42801 17
42787 42798 163
42813 42846 79
42831 42836 127
42848 42868 257
42856 42898 100
42861 42903 213
42876 42915 284
42889 42925 110
42915 42958 299
42936 42946 276
42956 42998 273
42984 43002 82
42994 43004 256
43015 43044 170
43038 43071 16
43055 43084 172
43077 43125 47
43088 43125 271
43090 43098 86
43106 43136 241
43110 43145 72
43116 43121 105
43141 43185 145
43163 43183 208
43184 43188 237
43207 43231 276
43222 43246 268
43242 43276 115
43251 43293 63
43277 43295 192
43286 43290 218
43290 43291 198
43320 43341 226
43343 43380 263
43360 43398 127
43371 43419 147
43399 43417 71
43409 43422 54
43434 43457 145
43450 43476 59
43461 43510 282
43477 43513 258
43484 43487 255
43512 43550 129
43542 43543 37
43571 43599 21
43595 43643 171
43617 43651 207
43635 43667 42
43651 43659 218
43653 43693 156
43661 43691 17
43674 43686 107
43698 43717 38
43720 43764 121
43740 43760 268
43750 43766 201
43765 43808 175
43787 43806 72
43802 43840 32
43828 43838 59
43846 43861 216
43858 43881 67
43860 43878 70
43887 43903 217
43890 43906 175
43893 43940 291
43910 43957 266
43940 43987 216
43958 43985 223
43986 44015 200
43991 43994 195
44005 44013 135
44006 44019 124
44030 44059 79
44041 44091 71
44059 44075 222
44084 44091 293
44097 44114 178
44106 44142 115
44112 44130 114
44136 44174 279
44143 44175 33
44152 44198 152
44178 44207 18
44195 44223 49
44225 44227 267
44245 44263 43
44247 44276 171
44270 44318 141
44282 44308 191
44301 44310 109
44331 44369 101
44346 44362 162
44365 44395 62
44376 44384 1
44390 44404 183
44409 44435 28
44423 44468 91
44428 44452 44
44456 44477 223
44474 44500 214
44475 44508 243
44488 44502 290
44493 44513 163
44512 44542 9
44520 44558 256
44530 44544 205
44537 44581 62
44558 44594 18
44558 44572 236
44588 44611 31
44589 44624 298
44593 44634 176
44593 44643 178
44602 44634 232
44602 44610 23
44609 44627 261
44616 44644 100
44630 44665 52
44641 44648 34
44655 44657 22
44674 44709 188
44696 44705 84
44706 44713 71
44723 44736 16
44743 44762 83
44745 44764 278
44755 44788 131
44770 44784 67
44788 44811 96
44797 44816 81
44808 44810 181
44832 44852 291
44853 44896 276
44874 44890 155
44880 44892 40
44900 44937 284
44926 44946 169
44952 44973 41
44955 44987 93
44976 44998 26
45002 45016 295
45025 45043 258
45043 45049 211
45066 45089 264
45087 45105 53
45092 45097 248
45121 45164 28
45132 45169 157
45156 45161 198
45167 45183 87
45181 45209 155
45211 45220 146
45238 45260 44
45255 45299 296
45260 45282 6
45276 45306 168
45282 45318 100
45298 45307 209
45308 45357 36
45330 45360 295
45358 45388 212
45376 45379 235
45397 45402 3
45405 45429 284
45422 45426 89
45433 45451 258
45454 45464 230
45464 45511 193
45466 45509 108
45494 45525 115
45507 45524 59
45537 45569 195
45558 45595 278
45580 45610 232
45597 45606 173
45615 45630 30
45638 45671 298
45665 45671 200
45686 45719 230
45715 45723 91
45721 45762 187
45727 45740 4
45736 45785 69
45756 45775 247
45785 45827 34
45803 45804 202
45819 45825 175
45836 45877 17
45863 45880 37
45863 45884 229
45872 45913 90
45877 45898 210
45879 45882 176
45899 45941 300
45908 45934 147
45912 45958 135
45929 45979 110
45931 45942 281
45942 45975 114
45943 45985 135
45958 45970 123
45977 46001 116
46003 46009 5
46020 46022 218
46049 46078 260
46060 46102 198
46084 46088 96
46101 46133 62
46115 46145 180
46138 46154 34
46138 46177 274
46168 46171 127
46188 46206 2
46213 46246 276
46220 46227 66
46236 46277 277
46262 46271 148
46272 46288 13
46296 46323 201
46311 46324 157
46330 46333 231
46353 46356 134
46368 46369 46
46392 46416 225
46422 46433 159
46447 46474 259
46460 46508 64
46477 46480 54
46506 46508 153
46521 46563 148
46524 46560 15
46550 46553 71
46569 46582 167
46585 46595 277
46592 46632 96
46611 46658 29
46625 46666 16
46650 46692 208
46661 46690 149
46661 46686 52
46687 46731 221
46710 46725 92
46711 46741 257
46711 46751 102
46715 46730 172
46723 46754 49
46732 46756 74
46734 46750 30
46744 46780 135
46747 46772 144
46766 46814 90
46772 46802 174
46790 46817 147
46804 46808 199
46810 46859 158
46833 46879 237
46837 46867 286
46864 46889 105
46889 46932 36
46905 46948 214
46910 46959 80
46926 46953 270
46926 46933 140
46937 46965 227
46944 46948 208
46969 47005 169
46980 46981 73
47002 47018 12
47023 47072 232
47050 47061 181
47059 47065 283
47074 47119 69
47082 47116 270
47112 47142 87
47113 47138 50
47123 47135 139
47130 47152 166
47149 47162 209
47175 47208 215
47187 47197 233
47212 47215 269
47234 47281 148
47258 47286 7
47266 47268 46
47289 47324 109
47304 47314 60
47324 47354 263
47347 47357 227
47349 47379 261
47356 47381 47
47381 47389 250
47402 47420 190
47408 47442 91
47414 47464 289
47417 47432 205
47422 47436 299
47445 47477 156
47452 47470 149
47466 47473 210
47470 47480 33
47481 47531 195
47486 47515 224
47498 47523 63
47513 47560 283
47530 47543 167
47552 47587 286
47555 47601 257
47575 47595 97
47603 47636 6
47615 47642 45
47633 47654 45
47642 47643 145
47644 47662 131
47650 47685 68
47661 47693 97
47664 47668 137
47692 47732 220
47707 47714 172
47721 47766 77
47722 47741 280
47750 47761 292
47778 47790 224
47785 47826 143
47806 47835 264
47815 47816 218
47844 47868 138
47865 47875 164
47866 47914 49
47891 47937 118
47921 47957 252
47936 47942 22
47955 47971 17
47955 47976 292
47964 48005 191
47972 47998 96
47985 48021 219
48009 48022 186
48009 48021 134
48034 48066 258
48050 48091 95
48064 48072 182
48080 48102 279
48081 48124 293
48099 48136 152
48110 48132 261
48113 48151 110
48122 48165 168
48129 48133 17
48145 48156 207
48145 48183 96
48158 48172 63
48161 48203 49
48165 48197 88
48185 48207 44
48202 48228 72
48211 48225 291
48228 48246 146
48239 48249 145
48254 48275 122
48279 48293 279
48307 48350 283
48331 48352 225
48336 48362 196
48366 48403 163
48377 48420 4
48394 48411 223
48398 48408 144
48413 48450 239
48416 48458 188
48441 48455 137
48471 48475 286
48478 48521 96
48508 48530 152
48524 48527 141
48531 48535 41
48560 48574 219
48563 48607 252
48568 48576 177
48585 48619 196
48605 48632 241
48634 48676 281
48660 48692 291
48686 48709 79
48697 48731 228
48725 48742 13
48736 48745 59
48758 48803 225
48767 48789 42
48778 48787 280
48800 48843 85
48815 48843 267
48843 48885 102
48862 48906 15
48873 48901 128
48876 48916 171
48898 48946 194
48914 48916 254
48918 48948 72
48931 48959 13
48945 48970 258
48965 49010 255
48971 49003 152
48989 49019 259
48998 49031 122
49028 49035 255
49032 49044 251
49059 49100 137
49064 49068 243
49093 49118 165
49102 49104 38
49116 49141 105
49118 49149 172
49143 49175 133
49146 49179 116
49158 49174 15
49159 49167 167
49171 49217 73
49199 49210 153
49224 49271 186
49239 49250 164
49259 49294 52
49288 49327 170
49304 49351 207
49328 49363 206
49342 49343 181
49347 49395 27
49348 49398 202
49370 49371 159
49373 49376 214
49376 49421 133
49395 49434 127
49402 49433 293
49411 49441 253
49422 49465 266
49425 49451 164
49438 49470 55
49446 49474 285
49448 49456 115
49464 49480 283
49490 49531 210
49492 49536 52
49497 49505 57
49521 49565 31
49536 49586 251
49536 49584 178
49543 49559 226
49543 49552 58
49559 49606 222
49569 49576 118
49596 49607 191
49609 49651 244
49633 49678 174
49659 49668 190
49667 49687 11
49688 49711 63
49711 49748 296
49739 49750 294
49758 49799 83
49788 49824 121
49788 49790 201
49799 49837 216
49816 49825 51
49833 49862 55
49835 49842 294
49836 49845 250
49849 49896 107
49869 49874 88
49887 49900 128
49914 49963 59
49923 49944 129
49939 49979 295
49959 49966 84
49972 49984 291
49974 50009 267
50003 50034 293
50018 50066 119
50033 50040 167
50040 50061 113
50063 50096 198
50077 50127 104
50091 50139 253
50113 50141 262
50132 50163 129
50138 50175 168
50146 50149 103
50168 50212 198
50197 50202 60
50202 50236 156
50218 50257 248
50232 50278 11
50240 50287 130
50257 50262 216
50258 50278 21
50285 50299 288
50306 50317 113
50316 50329 64
50318 50367 245
50336 50350 175
50366 50384 266
50373 50394 82
50398 50408 215
50414 50461 106
50427 50439 149
50438 50459 158
50448 50464 282
50450 50497 130
50470 50515 191
50485 50493 258
50495 50533 273
50506 50515 80
50527 50557 266
50534 50582 210
50562 50612 191
50580 50597 163
50592 50614 265
50618 50646 263
50632 50656 185
50656 50692 81
50656 50666 152
50682 50729 231
50708 50719 150
50710 50753 116
50725 50770 74
50726 50739 219
50727 50730 37
50756 50794 68
50760 50792 136
50790 50824 207
50795 50802 164
50820 50868 237
50850 50861 46
50854 50855 137
50873 50894 87
50881 50898 14
50895 50936 206
50917 50961 220
50917 50953 79
50923 50928 88
50932 50934 168
50941 50979 123
50958 50994 136
50971 51020 139
50997 51007 260
51003 51008 293
51023 51028 121
51029 51072 142
51039 51078 138
51061 51072 92
51091 51094 107
51094 51115 262
51123 51137 92
51145 51193 244
51148 51176 219
51178 51205 27
51194 51232 41
51201 51236 87
51218 51232 92
51239 51276 195
51261 51307 228
51284 51319 152
51292 51332 196
51318 51360 296
51337 51356 135
51355 51397 11
51369 51407 123
51387 51426 130
51389 51438 109
51404 51433 49
51413 51421 266
51432 51453 181
51451 51501 40
51480 51504 61
51492 51495 241
51496 51517 278
51506 51521 73
51526 51552 93
51551 51566 22
51563 51586 31
51591 51623 235
51597 51642 96
51610 51657 118
51622 51627 14
51635 51642 77
51638 51684 175
51638 51681 11
51639 51661 193
51665 51701 101
51669 51684 93
51681 51683 279
51681 51716 82
51708 51724 39
51713 51723 262
51740 51750 238
51745 51769 140
51765 51814 199
51774 51781 245
51796 51813 283
51796 51805 101
51817 51819 124
51836 51840 102
51844 51885 126
51872 51880 4
51879 51923 121
51900 51944 237
51919 51959 179
51946 51988 214
51946 51968 7
51960 51965 156
51984 52012 71
52001 52044 5
52003 52046 95
52026 52066 35
52035 52078 179
52055 52093 63
52069 52109 6
52078 52083 29
52088 52132 165
52101 52146 9
52119 52142 96
52120 52157 284
52128 52162 5
52151 52158 225
52177 52181 100
52190 52219 240
52205 52235 56
52223 52244 174
52245 52269 38
52265 52315 181
52286 52308 53
52289 52339 68
52289 52314 25
52305 52323 88
52330 52343 84
52358 52367 259
52388 52438 290
52388 52425 21
52410 52450 246
52418 52424 180
52424 52463 130
52435 52437 191
52449 52461 122
52469 52492 135
52488 52527 199
52495 52544 193
52512 52549 158
52536 52545 109
52564 52568 11
52583 52602 181
52595 52624 41
52604 52617 124
52606 52652 85
52613 52623 77
52631 52655 249
52657 52681 75
52671 52711 27
52698 52742 176
52702 52732 113
52729 52740 87
52750 52772 216
52772 52816 297
52794 52841 230
52794 52834 211
52810 52847 191
52819 52858 152
52832 52859 300
52839 52863 220
52869 52911 191
52870 52892 222
52898 52948 57
52921 52960 99
52926 52932 280
52948 52967 81
52969 53000 273
52999 53016 290
53020 53045 86
53026 53056 227
53049 53078 109
53065 53078 42
53070 53098 21
53078 53126 28
53097 53099 283
53105 53125 193
53108 53145 113
53127 53140 126
53132 53151 87
53157 53165 207
53166 53167 22
53181 53192 36
53181 53190 115
53189 53206 254
53198 53219 137
53202 53214 127
53220 53223 223
53233 53259 275
53239 53275 53
53262 53265 242
53268 53304 198
53271 53282 233
53273 53313 150
53297 53343 124
53297 53326 159
53298 53319 120
53320 53333 284
53342 53364 79
53357 53380 261
53378 53409 64
53399 53421 25
53413 53432 46
53442 53488 250
53470 53494 201
53487 53494 86
53506 53546 219
53527 53551 244
53540 53560 205
53555 53594 161
53577 53582 198
53590 53612 92
53604 53625 51
53621 53649 162
53621 53668 283
53635 53673 84
53664 53705 90
53672 53708 247
53693 53715 219
53716 53754 150
53718 53727 56
53734 53768 162
53735 53776 187
53757 53786 247
53764 53811 282
53772 53808 65
53775 53801 139
53793 53838 64
53812 53849 187
53813 53847 232
53820 53831 186
53844 53870 119
53856 53882 181
53878 53922 5
53886 53926 295
53912 53914 284
53939 53964 82
53950 53961 134
53965 54002 289
53987 53998 300
54002 54051 289
54030 54056 77
54033 54080 171
54033 54051 169
54046 54063 144
54072 54117 119
54089 54090 178
54113 54147 252
54113 54123 136
54118 54135 171
54142 54191 183
54153 54190 84
54180 54202 156
54190 54199 158
54200 54238 165
54220 54257 103
54244 54280 298
54259 54305 279
54270 54277 237
54300 54342 63
54317 54326 271
54341 54363 139
54366 54367 143
54374 54384 204
54384 54433 175
54397 54425 90
54409 54459 253
54431 54451 171
54440 54452 48
54467 54511 223
54496 54513 44
54502 54506 113
54532 54536 177
54535 54558 18
54535 54543 38
54553 54584 170
54560 54601 162
54574 54592 275
54586 54626 27
54606 54611 276
54617 54645 96
54639 54667 128
54658 54662 117
54681 54691 212
54693 54729 131
54710 54755 12
54731 54769 174
54755 54781 147
54759 54782 6
54763 54804 287
54783 54816 235
54792 54802 95
54797 54821 79
54813 54842 260
54837 54852 43
54858 54907 47
54878 54911 112
54907 54914 37
54932 54938 215
54957 54981 205
54957 54988 158
54970 54991 213
54999 55025 203
55002 55020 46
55027 55044 110
55041 55088 223
55046 55052 249
55049 55054 179
55077 55100 89
55096 55119 198
55111 55121 14
55119 55139 145
55133 55167 234
55139 55150 218
55150 55173 120
55160 55174 288
55189 55215 82
55189 55220 175
55195 55232 215
55209 55240 283
55226 55260 149
55235 55265 109
55259 55276 123
55281 55327 300
55301 55339 276
55326 55327 49
55335 55344 202
55353 55379 80
55367 55376 296
55373 55392 272
55385 55390 258
55412 55426 288
55425 55474 266
55445 55452 298
55454 55464 226
55456 55499 56
55485 55529 224
55493 55510 122
55497 55501 243
55508 55536 142
55530 55541 22
55551 55558 191
55581 55623 103
55608 55631 137
55617 55625 25
55642 55674 76
55656 55684 214
55676 55696 1
55678 55692 18
55692 55700 80
55714 55740 239
55724 55757 218
55728 55747 29
55745 55748 182
55762 55808 70
55791 55829 150
55821 55826 128
55833 55865 22
55858 55881 17
55860 55893 165
55882 55910 171
55902 55941 22
55918 55967 259
55926 55966 16
55926 55944 197
55936 55970 14
55942 55985 53
55961 55983 268
55979 56018 272
55987 56017 264
55996 56020 3
56013 56042 294
56026 56062 203
56029 56047 22
56056 56062 240
56080 56098 37
56087 56117 220
56091 56096 166
56119 56144 194
56139 56176 246
56165 56199 203
56174 56176 290
56175 56217 123
56188 56191 217
56207 56209 227
56229 56249 117
56257 56278 75
56286 56304 79
56293 56302 94
56316 56326 36
56318 56326 285
56336 56378 286
56347 56371 297
56368 56388 34
56371 56396 255
56394 56404 212
56404 56434 295
56434 56441 41
56443 56446 132
56446 56495 250
56467 56483 73
56482 56512 59
56493 56541 100
56512 56560 143
56537 56569 208
56547 56597 29
56575 56583 170
56581 56624 201
56605 56645 61
56607 56653 2
56614 56633 28
56641 56644 139
56655 56667 31
56679 56725 117
56708 56746 174
56737 56781 268
56741 56762 269
56744 56747 220
56770 56775 23
56781 56801 125
56789 56794 188
56802 56804 219
56817 56827 287
56824 56830 136
56838 56872 255
56868 56891 26
56896 56936 280
56909 56921 210
56931 56977 244
56948 56969 104
56949 56984 152
56961 56991 257
56991 57023 1
57015 57020 242
57026 57061 192
57054 57080 179
57079 57102 153
57093 57137 16
57108 57141 102
57127 57151 175
57155 57180 147
57169 57183 297
57184 57195 296
57186 57200 54
57196 57223 33
57223 57226 264
57247 57279 240
57256 57296 292
57266 57275 261
57287 57291 263
57292 57306 12
57314 57339 149
57328 57360 106
57338 57376 30
57355 57357 29
57360 57376 211
57371 57412 246
57398 57405 254
57412 57420 59
57437 57438 98
57438 57469 257
57451 57471 190
57466 57479 102
57472 57488 96
57478 57486 76
57488 57530 271
57499 57549 35
57504 57518 178
57523 57526 11
57535 57549 58
57535 57539 287
57537 57557 233
57563 57601 286
57582 57610 295
57593 57606 198
57609 57618 274
57612 57651 105
57632 57645 11
57654 57683 7
57655 57682 177
57676 57698 57
57682 57708 187
57696 57712 266
57717 57750 236
57736 57778 276
57736 57739 198
57754 57781 28
57765 57773 167
57795 57826 99
57815 57817 118
57821 57865 157
57824 57866 82
57852 57862 6
57866 57888 204
57874 57917 111
57878 57906 87
57896 57919 29
57907 57912 231
57918 57955 61
57923 57945 152
57953 57976 134
57962 57990 29
57963 57974 6
57982 58005 23
57984 58018 201
57999 58045 110
58021 58061 298
58030 58072 112
58039 58041 114
58069 58084 300
58090 58131 124
58100 58107 217
58106 58130 217
58135 58161 237
58158 58169 181
58162 58191 33
58186 58212 192
58204 58212 29
58234 58235 170
58242 58259 240
58252 58298 188
58262 58312 271
58270 58294 218
58288 58312 224
58307 58318 40
58320 58354 138
58340 58366 222
58345 58360 111
58372 58420 119
58378 58414 242
58401 58441 36
58416 58424 297
58424 58426 14
58443 58448 158
58471 58487 57
58501 58544 141
58508 58556 62
58517 58536 256
58518 58525 196
58532 58576 87
58534 58550 52
58547 58553 267
58553 58566 130
58571 58618 219
58600 58641 50
58603 58653 248
58611 58650 145
58640 58668 40
58645 58683 269
58663 58664 17
58684 58717 260
58691 58704 290
58710 58753 175
58718 58740 167
58738 58783 100
58763 58764 270
58765 58788 107
58777 58807 294
58802 58803 113
58821 58834 119
58844 58885 232
58855 58866 248
58871 58891 231
58882 58886 123
58887 58905 7
58915 58929 296
58917 58955 7
58926 58941 112
58933 58953 151
58960 58962 91
58987 59014 131
58987 59017 275
59010 59058 145
59030 59054 123
59044 59073 140
59061 59110 114
59086 59116 240
59088 59127 6
59088 59103 285
59111 59153 81
59121 59146 297
59141 59152 189
59164 59184 294
59167 59207 83
59180 59209 22
59199 59219 123
59225 59243 295
59255 59265 15
59257 59274 215
59272 59273 287
59294 59314 108
59318 59321 66
59348 59351 142
59377 59381 240
59395 59399 282
59395 59419 35
59413 59415 210
59430 59432 14
59446 59491 262
59472 59481 11
59480 59510 16
59504 59522 95
59519 59525 94
59523 59535 249
59536 59549 292
59562 59591 50
59587 59619 254
59600 59622 94
59629 59643 48
59645 59654 97
59647 59674 50
59677 59706 38
59691 59737 49
59691 59722 266
59721 59757 207
59728 59777 83
59734 59749 77
59746 59785 118
59756 59789 24
59773 59789 270
59776 59795 170
59805 59821 287
59817 59819 226
59836 59871 21
59844 59878 192
59866 59905 251
59867 59899 91
59887 59919 30
59888 59896 140
59915 59945 67
59929 59948 176
59958 59994 281
59960 59999 27
59972 59985 281
59995 60007 115
60004 60035 261
60024 60045 274
60047 60081 270
60073 60122 168
60084 60123 194
60112 60146 9
60121 60153 293
60141 60176 104
60149 60170 151
60173 60175 70
60174 60199 119
60196 60216 194
60196 60236 164
60205 60217 26
60234 60235 284
60236 60273 268
60256 60278 12
60262 60312 253
60276 60325 252
60276 60320 76
60303 60305 72
60322 60329 4
60350 60396 6
60359 60377 27
60373 60378 133
60384 60399 222
60404 60425 99
60424 60458 147
60433 60447 233
60459 60469 52
60483 60514 213
60501 60533 292
60501 60505 264
60530 60571 198
60552 60589 34
60559 60575 97
60577 60611 132
60579 60619 96
60605 60609 235
60615 60642 225
60644 60669 197
60673 60681 60
60682 60683 264
60700 60735 254
60709 60742 112
60727 60728 274
60727 60752 9
60757 60764 295
60775 60818 112
60796 60829 172
60811 60851 98
60833 60836 146
60861 60886 205
60885 60919 206
60905 60953 268
60906 60949 172
60916 60953 56
60930 60973 145
60946 60956 244
60946 60996 109
60959 60966 44
60972 60991 272
61000 61032 44
61001 61044 84
61005 61017 9
61017 61054 276
61035 61063 135
61047 61079 202
61072 61113 203
61078 61095 207
61080 61082 67
61090 61106 215
61113 61155 299
61125 61133 219
61144 61147 133
61167 61216 181
61176 61202 250
61194 61212 61
61208 61213 68
61226 61255 51
61227 61244 215
61234 61283 200
61263 61312 163
61293 61303 235
61298 61310 103
61299 61312 221
61312 61334 199
61316 61324 12
61341 61366 253
61371 61418 167
61379 61387 19
61398 61420 126
61410 61457 162
61420 61465 266
61431 61443 273
61431 61470 195
61434 61477 262
61452 61469 255
61476 61481 183
61500 61519 64
61525 61553 294
61537 61569 291
61541 61581 154
61554 61572 166
61573 61586 54
61589 61599 34
61604 61638 258
61612 61652 92
61621 61624 156
61648 61655 195
61666 61686 184
61689 61726 62
61690 61692 132
61702 61734 46
61712 61753 282
61731 61749 100
61744 61782 290
61765 61802 200
61770 61774 92
61796 61800 35
61818 61868 231
61829 61835 12
61857 61897 238
61875 61891 140
61894 61901 34
61919 61930 164
61937 61967 51
61965 61991 57
61972 62006 226
61976 62006 251
62001 62038 293
62009 62043 160
62026 62036 210
62039 62065 63
62061 62080 283
62088 62089 251
62101 62137 129
62130 62166 112
62139 62159 300
62153 62171 65
62181 62208 90
62195 62222 238
62204 62244 193
62222 62236 263
62245 62265 15
62255 62273 284
62271 62319 199
62278 62303 274
62291 62337 281
62297 62337 244
62319 62361 134
62349 62394 284
62358 62397 287
62361 62362 81
62373 62377 205
62376 62411 239
62379 62402 141
62389 62413 206
62392 62440 269
62405 62409 117
62432 62466 140
62436 62464 44
62442 62461 185
62451 62476 197
62456 62502 114
62478 62503 21
62506 62524 138
62535 62537 260
62538 62544 190
62557 62567 144
62566 62604 139
62573 62604 134
62580 62601 61
62604 62630 114
62608 62648 59
62623 62656 237
62649 62676 82
62670 62710 213
62673 62675 157
62699 62711 117
62713 62758 233
62716 62761 294
62721 62756 152
62728 62762 92
62746 62772 251
62756 62783 151
62785 62815 98
62799 62819 152
62802 62845 275
62820 62863 250
62829 62865 210
62859 62862 24
62859 62875 115
62887 62904 88
62907 62956 291
62923 62930 268
62947 62953 187
62964 63012 227
62982 62996 259
62997 63041 257
63002 63025 203
63032 63035 225
63048 63062 219
63048 63052 272
63066 63082 47
63091 63096 237
63110 63136 121
63112 63157 50
63113 63157 126
63134 63177 62
63158 63190 217
63174 63205 162
63198 63223 285
63218 63249 177
63229 63241 148
63246 63262 266
63256 63280 293
63279 63315 217
63288 63307 108
63306 63315 77
63312 63354 100
63321 63341 224
63325 63361 1
63330 63337 236
63331 63376 110
63355 63390 149
63362 63378 111
63370 63411 240
63399 63445 221
63418 63440 242
63437 63480 144
63448 63478 254
63478 63482 281
63505 63544 111
63521 63556 188
63531 63558 207
63553 63583 270
63560 63591 10
63568 63613 254
63586 63605 240
63590 63607 141
63594 63631 284
63614 63646 102
63630 63667 248
63639 63677 88
63642 63678 200
63649 63654 207
63677 63704 209
63703 63751 51
63728 63744 233
63756 63767 59
63766 63796 251
63770 63820 256
63789 63816 266
63811 63822 2
63840 63853 283
63854 63874 79
63873 63922 245
63894 63934 291
63898 63906 261
63908 63955 95
63931 63975 173
63951 63967 177
63968 63975 166
63971 63997 147
63996 64032 235
63996 64029 200
64019 64068 294
64043 64053 105
64067 64101 243
64074 64080 262
64097 64121 150
64103 64153 36
64109 64158 1
64120 64128 255
64128 64152 274
64139 64144 43
64146 64182 127
64169 64208 180
64175 64192 97
64182 64229 300
64185 64193 213
64199 64230 207
64209 64213 112
64224 64263 46
64232 64258 270
64239 64252 295
64254 64264 285
64266 64310 124
64289 64296 77
64299 64316 13
64312 64348 160
64340 64376 230
64355 64381 281
64364 64406 51
64365 64368 132
64379 64401 8
64380 64413 297
64391 64400 180
64394 64443 260
64395 64440 267
64408 64438 56
64425 64449 114
64433 64467 283
64448 64486 206
64453 64484 248
64453 64463 253
64457 64495 65
64480 64498 85
64499 64508 210
64510 64522 113
64526 64540 164
64536 64554 172
64563 64595 94
64590 64593 217
64617 64631 275
64644 64674 142
64663 64693 254
64693 64710 185
64718 64727 152
64746 64782 179
64750 64761 142
64763 64802 65
64776 64814 100
64799 64837 282
64812 64825 50
64835 64847 225
64850 64858 115
64874 64915 70
64899 64928 22
64927 64947 249
64929 64968 259
64956 64964 217
64983 64999 210
64984 64992 56
64987 65014 269
65014 65040 53
65032 65033 248
65038 65042 244
65056 65059 207
65072 65094 4
65087 65088 250
65114 65156 223
65137 65146 207
65139 65171 275
65140 65190 35
65163 65177 116
65173 65183 248
65196 65234 287
65223 65248 151
65235 65274 124
65256 65283 150
65274 65293 270
65290 65295 278
65315 65321 290
65344 65360 195
65371 65404 166
65382 65402 40
65400 65444 107
65403 65430 293
65409 65436 25
65412 65447 111
65421 65449 161
65427 65473 266
65442 65463 198
65445 65485 217
65459 65509 85
65489 65532 124
65496 65517 279
65498 65499 101
65528 65568 4
65550 65562 228
65568 65600 166
65592 65641 25
65599 65610 35
65607 65654 158
65625 65658 60
65653 65657 159
65680 65721 254
65684 65695 43
65689 65738 45
65711 65750 227
65714 65755 75
65729 65754 191
65742 65771 287
65748 65793 63
65770 65803 188
65778 65823 32
65804 65835 144
65810 65846 1
65813 65854 285
65842 65890 58
65848 65873 7
65878 65909 205
65897 65902 11
65927 65958 233
65931 65949 179
65952 66002 223
65982 66003 197
65997 66043 39
66007 66018 175
66026 66058 170
66029 66032 185
66040 66075 67
66060 66101 36
66073 66094 271
66100 66111 258
66114 66127 140
66127 66175 162
66151 66180 193
66152 66158 223
66153 66164 240
66167 66208 209
66182 66218 202
66210 66256 218
66234 66245 217
66246 66264 245
66258 66293 151
66259 66285 204
66262 66271 116
66276 66281 252
66278 66294 189
66302 66350 267
66308 66344 26
66311 66321 20
66311 66312 205
66331 66357 78
66337 66378 119
66343 66355 50
66349 66369 88
66352 66402 119
66381 66401 144
66405 66444 13
66426 66467 197
66456 66492 240
66457 66497 29
66461 66480 216
66484 66526 179
66511 66521 118
66536 66573 259
66539 66587 299
66542 66547 128
66564 66575 78
66566 66567 9
66580 66600 55
66609 66643 288
66613 66649 30
66620 66646 223
66633 66634 277
66639 66650 78
66654 66657 126
66674 66690 109
66700 66728 99
66724 66741 284
66740 66772 77
66747 66760 99
66775 66797 120
66781 66782 261
66806 66838 15
66812 66820 132
66842 66871 124
66842 66890 265
66871 66919 1
66877 66923 237
66907 66912 140
66921 66928 35
66949 66986 77
66961 66991 236
66980 67003 9
67003 67039 196
67021 67057 188
67033 67058 39
67038 67051 216
67041 67078 37
67058 67085 59
67077 67116 176
67094 67115 160
67121 67165 153
67134 67160 281
67153 67174 265
67160 67175 230
67188 67210 288
67201 67240 149
67217 67261 166
67246 67253 176
67265 67294 38
67282 67294 203
67303 67306 167
67324 67337 18
67346 67358 226
67374 67420 77
67391 67396 270
67391 67403 68
67421 67430 124
67422 67448 278
67436 67481 209
67436 67483 49
67448 67459 138
67466 67500 81
67476 67496 3
67476 67490 289
67499 67506 18
67503 67547 230
67519 67553 251
67536 67567 56
67559 67570 79
67572 67586 240
67595 67621 222
67621 67650 111
67634 67669 250
67658 67701 247
67678 67700 248
67678 67724 138
67708 67712 51
67722 67751 122
67731 67767 89
67737 67756 205
67740 67768 300
67748 67772 177
67772 67789 47
67788 67804 213
67788 67789 295
67803 67806 68
67827 67839 200
67837 67851 43
67866 67886 98
67888 67890 141
67907 67909 211
67927 67955 175
67944 67982 43
67954 68000 4
67983 68024 103
67986 68027 142
68008 68009 253
68018 68040 29
68037 68087 286
68059 68105 32
68086 68107 238
68088 68114 187
68091 68113 103
68107 68149 2
68126 68175 168
68149 68156 220
68158 68162 89
68186 68227 276
68208 68221 104
68216 68227 19
68224 68270 204
68231 68251 244
68259 68265 78
68262 68278 142
68273 68301 284
68288 68302 154
68316 68318 248
68339 68346 204
68353 68402 116
68371 68398 284
68383 68414 223
68409 68443 65
68433 68474 157
68440 68479 73
68442 68482 136
68449 68470 274
68459 68497 74
68483 68516 81
68484 68512 4
68513 68517 185
68543 68546 111
68567 68585 218
68590 68630 190
68604 68622 214
68604 68630 130
68607 68638 149
68624 68641 72
68646 68652 190
68661 68706 88
68679 68725 295
68700 68708 297
68716 68754 224
68733 68746 152
68760 68771 6
68779 68803 210
68781 68828 15
68810 68829 162
68826 68861 296
68835 68876 70
68845 68871 74
68860 68873 187
68868 68900 14
68884 68907 171
68905 68920 232
68921 68933 51
68936 68944 225
68941 68975 62
68966 69015 153
68991 69026 176
68997 69010 280
69012 69037 159
69025 69043 101
69051 69065 38
69067 69071 264
69077 69087 106
69102 69132 24
69108 69119 19
69121 69134 161
69148 69178 186
69168 69202 252
69172 69217 59
69188 69236 18
69207 69227 81
69230 69257 109
69232 69282 52
69262 69269 132
69266 69268 57
69268 69277 229
69281 69282 128
69299 69319 184
69311 69338 8
69336 69349 58
69349 69354 178
69349 69397 291
69357 69393 107
69369 69396 38
69382 69401 153
69392 69403 36
69421 69439 242
69433 69442 258
69462 69467 252
69480 69503 170
69494 69496 186
69524 69565 108
69529 69533 129
69556 69598 51
69576 69612 142
69591 69638 183
69595 69632 44
69617 69657 96
69628 69658 6
69636 69677 72
69658 69696 298
69672 69682 146
69696 69741 154
69721 69725 238
69727 69774 294
69729 69775 292
69758 69760 175
69760 69789 49
69789 69826 24
69819 69832 163
69829 69833 11
69858 69892 150
69871 69875 50
69894 69939 111
69921 69955 226
69925 69956 132
69954 69988 78
69971 70002 68
70001 70042 286
70001 70042 260
70009 70022 235
70015 70017 53
70025 70044 101
70040 70068 178
70043 70056 286
70071 70095 262
70076 70104 58
70076 70097 282
70104 70125 290
70132 70140 114
70148 70174 192
70164 70196 296
70182 70220 71
70206 70226 28
70218 70235 89
70231 70254 39
70249 70263 42
70276 70303 153
70284 70290 108
70294 70298 16
70319 70368 68
70345 70368 85
70373 70422 138
70384 70397 89
70409 70429 156
70416 70434 39
70424 70436 252
70436 70456 20
70442 70444 2
70472 70520 278
70479 70506 78
70496 70505 140
70497 70515 211
70515 70516 293
70516 70532 233
70546 70578 125
70572 70620 169
70598 70625 253
70602 70617 88
70613 70638 285
70627 70647 240
70637 70669 79
70654 70691 231
70676 70726 134
70685 70725 144
70711 70713 276
70732 70778 88
70743 70769 73
70744 70771 18
70765 70811 175
70773 70814 162
70796 70805 124
70800 70805 60
70816 70846 110
70842 70847 255
70842 70878 164
70859 70874 185
70880 70920 33
70904 70950 206
70931 70968 138
70934 70946 124
70958 70999 257
70964 70988 262
70970 70993 255
70998 71046 288
71019 71060 175
71046 71087 94
71065 71115 55
71078 71122 109
71100 71145 140
71117 71145 206
71128 71134 279
71128 71153 209
71157 71175 217
71167 71174 88
71197 71238 86
71202 71249 234
71208 71218 165
71234 71278 116
71263 71305 290
71291 71296 8
71311 71319 271
71329 71345 215
71356 71376 34
71367 71382 189
71378 71397 227
71400 71407 169
71428 71445 13
71431 71480 264
71445 71457 108
71459 71478 55
71482 71504 109
71498 71515 234
71518 71541 187
71531 71560 219
71549 71588 115
71559 71573 35
71576 71610 12
71577 71582 53
71592 71620 300
71620 71650 211
71625 71671 180
71625 71670 201
71634 71673 8
71642 71655 280
71667 71710 133
71696 71727 46
71714 71759 41
71737 71787 64
71762 71808 2
71786 71811 275
71814 71860 27
71818 71860 238
71835 71864 89
71861 71881 294
71871 71889 218
71890 71926 89
71912 71913 187
71942 71963 149
71964 71970 2
71990 72022 56
71991 72000 293
71997 72023 267
72020 72052 250
72045 72091 171
72067 72090 18
72093 72123 238
72103 72128 158
72109 72134 212
72135 72155 166
72161 72176 98
72169 72192 154
72184 72202 167
72188 72194 148
72194 72234 12
72203 72248 15
72208 72221 42
72209 72234 273
72220 72261 240
72244 72285 271
72267 72314 276
72276 72285 100
72300 72328 121
72309 72343 138
72317 72365 254
72339 72345 182
72361 72370 73
72368 72386 210
72374 72387 200
72398 72437 174
72413 72450 74
72415 72440 199
72418 72437 94
72423 72431 242
72446 72462 258
72475 72484 262
72496 72516 18
72514 72534 299
72544 72560 272
72558 72607 34
72584 72623 97
72608 72643 57
72621 72650 290
72629 72670 125
72644 72690 180
72652 72656 249
72658 72675 253
72686 72731 196
72696 72698 224
72707 72746 117
72728 72744 218
72743 72763 254
72766 72795 198
72793 72825 227
72797 72810 124
72818 72837 145
72841 72878 142
72858 72866 91
72877 72897 136
72893 72931 220
72899 72900 154
72915 72960 108
72925 72930 139
72928 72935 233
72930 72978 30
72950 72984 73
72957 72993 78
72967 73011 205
72979 73001 144
72982 73006 80
73011 73052 245
73025 73075 82
73031 73074 6
73049 73063 78
73072 73096 144
73076 73096 35
73077 73115 287
73103 73126 215
73110 73159 270
73136 73174 210
73138 73180 185
73154 73183 96
73163 73206 13
73172 73220 183
73188 73191 283
73194 73239 19
73206 73235 58
73230 73240 241
73242 73277 4
73262 73293 124
73291 73327 117
73308 73322 54
73315 73353 273
73323 73357 169
73330 73333 230
73355 73369 62
73358 73395 97
73382 73397 103
73412 73442 169
73429 73434 45
73434 73439 133
73455 73503 208
73463 73491 207
73464 73495 12
73481 73502 28
73509 73515 85
73539 73552 220
73561 73563 26
73568 73573 116
73571 73591 144
73579 73629 158
73581 73606 125
73609 73645 1
73619 73645 55
73641 73663 277
73668 73676 125
73688 73713 240
73694 73707 18
73709 73738 115
73729 73737 255
73734 73778 161
73744 73745 144
73761 73768 75
73789 73807 64
73800 73823 211
73803 73811 215
73832 73876 274
73840 73890 79
73850 73863 173
73853 73870 123
73869 73914 148
73884 73921 293
73895 73945 26
73908 73915 43
73933 73971 98
73936 73954 14
73961 74006 259
73981 74016 261
73997 74035 92
74010 74024 232
74028 74051 121
74030 74067 42
74054 74060 171
74082 74097 95
74100 74140 114
74124 74143 167
74152 74185 197
74179 74200 73
74194 74222 200
74223 74235 119
74225 74247 275
74245 74278 271
74275 74317 172
74305 74329 284
74308 74317 161
74325 74342 63
74326 74357 242
74350 74381 13
74367 74415 46
74367 74369 275
74380 74390 246
74400 74412 157
74409 74453 40
74428 74453 71
74442 74453 140
74454 74477 137
74484 74497 133
74512 74539 43
74523 74571 139
74530 74533 263
74549 74590 53
74550 74565 186
74573 74593 96
74584 74631 50
74592 74594 167
74606 74613 226
74627 74670 58
74648 74652 107
74651 74671 128
74672 74719 180
74683 74727 224
74705 74729 113
74714 74761 10
74728 74762 66
74729 74743 17
74738 74771 27
74747 74768 214
74756 74767 74
74764 74794 278
74770 74810 47
74777 74786 297
74787 74833 39
74794 74843 24
74796 74804 79
74826 74864 196
74850 74868 2
74862 74867 73
74889 74933 95
74900 74934 121
74918 74959 79
74938 74976 125
74946 74973 72
74976 75009 215
74990 75023 214
75016 75051 159
75021 75056 119
75043 75057 224
75068 75088 266
75076 75100 157
75078 75112 266
75101 75102 297
75115 75125 136
75115 75134 32
75139 75150 217
75161 75185 83
75188 75234 229
75196 75203 254
75205 75237 39
75216 75257 198
75244 75269 227
75260 75304 239
75279 75321 98
75293 75310 235
75318 75337 250
75342 75367 2
75367 75394 28
75387 75428 176
75411 75430 156
75429 75471 172
75459 75499 22
