5000
30 51 192
30 80 111
37 84 10
40 71 45
64 67 170
70 117 243
96 106 120
119 160 264
141 144 263
171 213 92
174 188 133
198 246 105
200 247 244
204 223 294
205 229 117
208 233 300
211 226 285
228 271 157
253 258 62
268 275 98
296 301 67
306 354 10
333 337 89
361 405 133
384 388 156
405 448 141
422 450 290
448 472 52
453 490 125
473 479 147
497 503 268
514 547 143
531 540 26
549 553 300
577 609 84
596 625 187
600 607 138
622 660 48
630 656 214
633 659 51
637 655 200
666 675 124
679 681 191
708 715 257
720 740 237
732 763 133
737 760 265
737 748 46
758 803 19
788 791 128
817 862 109
846 884 197
865 907 61
870 889 109
896 909 90
923 960 162
945 949 206
959 977 115
982 1000 124
1000 1012 185
1010 1059 179
1029 1069 230
1029 1042 214
1031 1063 215
1037 1076 200
1063 1105 205
1066 1083 10
1089 1117 199
1119 1141 181
1139 1151 198
1159 1208 8
1171 1190 190
1188 1218 226
1212 1261 150
1216 1224 22
1224 1238 91
1243 1248 270
1268 1305 233
1289 1305 48
1318 1347 116
1337 1339 102
1355 1402 215
1376 1417 284
1389 1433 117
1404 1439 222
1423 1435 32
1430 1442 44
1452 1489 81
1480 1498 7
1501 1522 168
1522 1572 247
1549 1584 252
1565 1567 268
1569 1592 160
1594 1643 207
1614 1662 146
1619 1643 139
1632 1678 263
1645 1650 6
1650 1692 20
1673 1702 260
1684 1704 144
1690 1708 289
1694 1728 203
1706 1719 24
1721 1728 280
1736 1746 69
1756 1767 291
1786 1834 298
1802 1837 194
1812 1847 182
1827 1840 221
1841 1865 128
1844 1861 47
1865 1877 30
1881 1883 48
1900 1937 47
1919 1951 269
1920 1935 71
1922 1961 87
1949 1998 146
1950 1960 36
1964 1995 186
1968 1985 65
1991 2040 121
2002 2044 158
2025 2071 291
2030 2079 48
2041 2068 68
2055 2057 248
2068 2118 26
2082 2099 288
2106 2154 152
2114 2144 244
2129 2142 119
2157 2184 256
2177 2199 134
2204 2251 232
2216 2223 285
2222 2234 119
2232 2255 32
2259 2298 216
2273 2306 110
2276 2308 77
2303 2323 202
2310 2318 227
2328 2362 78
2337 2368 159
2345 2391 175
2365 2393 217
2391 2426 102
2408 2441 199
2419 2431 56
2440 2480 182
2440 2469 143
2467 2504 52
2488 2495 205
2507 2521 77
2527 2543 91
2555 2561 184
2579 2619 92
2600 2619 119
2614 2655 299
2641 2685 191
2670 2704 102
2695 2708 117
2701 2748 217
2703 2721 96
2726 2730 104
2740 2777 77
2744 2748 295
2761 2780 147
2776 2791 105
2790 2831 250
2802 2828 295
2811 2857 244
2824 2871 264
2835 2855 214
2851 2865 139
2851 2867 235
2875 2920 11
2876 2924 115
2887 2916 181
2902 2933 121
2926 2949 222
2938 2971 215
2943 2959 235
2959 2974 57
2979 3010 38
3002 3022 181
3018 3055 20
3018 3065 47
3038 3067 268
3040 3076 223
3042 3087 56
3064 3102 99
3090 3113 49
3120 3138 173
3141 3160 237
3153 3183 118
3168 3198 9
3190 3236 116
3216 3239 7
3222 3232 76
3250 3269 170
3265 3306 241
3278 3318 131
3280 3288 95
3281 3285 187
3285 3315 263
3311 3348 213
3339 3343 158
3367 3373 238
3385 3425 172
3393 3423 96
3401 3441 122
3407 3446 120
3420 3446 109
3431 3441 293
3433 3467 101
3457 3501 118
3460 3482 84
3474 3518 215
3504 3505 117
3506 3514 230
3533 3552 146
3545 3563 164
3562 3590 47
3563 3595 36
3591 3620 192
3595 3600 287
3617 3645 154
3647 3682 3
3673 3698 224
3688 3726 284
3716 3753 261
3720 3735 11
3740 3750 285
3752 3757 16
3778 3783 59
3799 3815 140
3799 3813 87
3800 3848 28
3804 3850 4
3809 3849 154
3810 3859 225
3833 3862 117
3851 3896 131
3853 3858 65
3858 3902 122
3866 3875 115
3884 3914 33
3899 3948 149
3906 3938 157
3923 3953 89
3949 3955 13
3969 4016 292
3980 3993 234
3989 4033 256
3997 4039 131
4024 4052 198
4052 4082 40
4079 4093 205
4079 4087 203
4104 4121 206
4120 4140 195
4124 4143 4
4126 4132 134
4139 4174 65
4147 4171 198
4161 4196 193
4183 4212 51
4191 4235 231
4205 4222 257
4225 4233 25
4230 4279 291
4237 4271 82
4251 4290 189
4277 4327 4
4302 4304 289
4302 4316 282
4307 4334 79
4337 4346 249
4350 4388 178
4375 4387 250
4396 4433 31
4407 4451 162
4428 4435 184
4432 4458 297
4438 4469 8
4441 4484 164
4450 4471 157
4464 4499 2
4488 4504 220
4490 4494 89
4490 4520 296
4500 4529 137
4517 4539 201
4545 4576 276
4573 4620 95
4585 4632 279
4599 4633 204
4616 4665 289
4616 4624 137
4624 4650 260
4640 4667 133
4648 4672 164
4661 4663 78
4672 4709 57
4691 4698 267
4710 4749 134
4723 4730 171
4751 4753 88
4752 4799 291
4777 4805 132
4797 4841 14
4822 4869 217
4833 4854 279
4860 4903 206
4879 4880 189
4896 4935 158
4906 4953 92
4912 4951 159
4935 4962 27
4946 4996 279
4955 5005 92
4975 5006 142
4982 5002 60
5006 5050 124
5013 5035 98
5042 5077 186
5056 5070 1
5077 5096 85
5103 5133 277
5128 5175 258
5130 5171 212
5131 5135 159
5140 5186 89
5144 5147 158
5144 5148 185
5173 5195 185
5187 5234 194
5193 5239 132
5222 5266 119
5234 5264 215
5245 5264 221
5267 5293 39
5292 5295 96
5316 5344 286
5316 5350 13
5333 5376 236
5363 5365 107
5368 5382 118
5368 5399 55
5391 5404 200
5419 5458 282
5438 5485 168
5444 5487 157
5468 5511 255
5497 5525 11
5519 5564 57
5545 5589 109
5546 5548 66
5565 5612 225
5571 5590 92
5599 5609 55
5607 5632 139
5617 5624 91
5628 5645 75
5629 5672 298
5656 5700 31
5686 5690 188
5699 5719 92
5723 5724 196
5750 5794 56
5758 5771 26
5761 5807 158
5783 5811 13
5811 5851 275
5839 5871 25
5846 5858 187
5861 5899 2
5870 5916 89
5895 5937 253
5919 5942 272
5925 5938 99
5954 5988 279
5955 5969 69
5957 5961 55
5961 5979 40
5974 6000 183
5988 6031 40
6018 6021 51
6048 6059 46
6067 6104 150
6077 6124 284
6105 6139 273
6117 6161 218
6124 6141 18
6145 6177 247
6147 6195 36
6151 6181 214
6157 6161 235
6162 6176 63
6192 6231 93
6220 6229 236
6235 6273 275
6247 6249 51
6277 6297 62
6284 6309 260
6314 6339 111
6329 6333 245
6341 6372 34
6360 6399 163
6368 6388 268
6373 6421 12
6398 6447 162
6414 6446 290
6417 6454 260
6423 6432 74
6428 6467 294
6439 6458 298
6458 6493 241
6475 6511 151
6493 6537 22
6521 6539 64
6527 6559 38
6532 6534 125
6540 6578 163
6560 6565 295
6570 6576 277
6589 6636 1
6601 6624 63
6601 6636 127
6617 6637 288
6636 6651 194
6640 6654 170
6648 6690 260
6671 6688 220
6682 6683 257
6711 6755 165
6714 6763 277
6737 6760 157
6760 6782 297
6786 6821 252
6802 6842 170
6805 6821 222
6829 6847 291
6840 6886 249
6867 6887 199
6874 6888 182
6881 6903 37
6893 6939 235
6915 6922 214
6935 6976 54
6954 6964 212
6968 6970 179
6997 7015 119
7005 7008 164
7014 7027 77
7025 7029 118
7039 7065 275
7041 7064 296
7053 7078 5
7074 7085 3
7076 7120 112
7090 7091 223
7106 7111 254
7132 7168 213
7159 7187 236
7163 7176 56
7186 7217 214
7196 7231 224
7201 7212 63
7214 7222 72
7229 7241 284
7257 7258 204
7266 7283 163
7272 7314 150
7294 7329 40
7323 7341 215
7344 7358 190
7359 7363 126
7368 7395 100
7397 7445 163
7418 7458 92
7433 7447 259
7458 7464 44
7481 7487 193
7503 7510 235
7521 7523 14
7525 7555 18
7550 7595 283
7555 7573 118
7573 7612 153
7588 7618 295
7595 7626 154
7625 7649 236
7637 7663 23
7659 7693 265
7687 7733 270
7698 7741 135
7720 7736 99
7730 7771 178
7748 7782 97
7775 7820 216
7777 7789 275
7799 7843 173
7813 7838 116
7818 7856 126
7834 7854 85
7861 7911 156
7880 7916 218
7909 7921 120
7936 7973 279
7960 7982 71
7971 7984 62
7979 8010 295
7982 8028 176
7985 7991 223
7991 8000 121
8002 8014 197
8011 8053 80
8027 8047 276
8032 8058 200
8047 8087 1
8076 8104 51
8097 8123 146
8109 8144 134
8117 8157 203
8134 8152 292
8138 8158 266
8164 8213 157
8170 8171 123
8194 8227 212
8220 8257 293
8228 8271 224
8230 8238 279
8250 8253 24
8271 8307 88
8275 8320 23
8292 8337 250
8304 8348 43
8313 8346 25
8327 8330 195
8328 8350 196
8345 8362 73
8345 8359 80
8352 8394 55
8358 8361 222
8378 8399 61
8394 8437 113
8413 8419 124
8428 8445 225
8439 8477 133
8453 8464 216
8472 8489 198
8491 8505 296
8518 8542 87
8538 8547 250
8545 8568 222
8569 8570 129
8597 8633 19
8607 8610 111
8611 8645 37
8641 8660 256
8644 8665 221
8645 8695 54
8655 8700 86
8670 8720 116
8671 8682 133
8685 8735 219
8690 8703 166
8707 8727 238
8714 8746 29
8726 8734 153
8735 8771 244
8736 8747 62
8760 8786 45
8785 8828 157
8805 8806 65
8808 8849 93
8837 8879 26
8862 8869 226
8869 8893 121
8878 8880 280
8908 8934 198
8917 8951 263
8923 8952 169
8951 8959 117
8953 8986 159
8974 8997 62
8985 9030 269
8996 9035 129
9026 9042 41
9034 9070 227
9062 9086 36
9092 9116 253
9106 9152 236
9120 9124 213
9132 9161 107
9137 9168 294
9165 9171 141
9192 9226 224
9207 9235 213
9215 9216 28
9222 9239 23
9233 9237 239
9257 9299 249
9275 9280 127
9296 9333 121
9323 9328 122
9338 9371 244
9339 9388 5
9353 9393 126
9382 9411 135
9406 9436 84
9412 9438 136
9415 9445 37
9424 9465 284
9444 9465 212
9447 9481 69
9457 9505 181
9461 9490 171
9470 9480 173
9495 9506 16
9504 9515 114
9522 9546 43
9550 9593 131
9568 9584 63
9586 9594 194
9604 9620 174
9634 9635 14
9636 9658 173
9653 9682 156
9671 9709 222
9685 9686 4
9698 9748 203
9708 9730 173
9730 9778 116
9733 9734 169
9762 9797 163
9783 9816 37
9785 9830 101
9785 9793 116
9795 9807 244
9809 9843 154
9816 9864 232
9828 9863 129
9856 9870 235
9882 9919 292
9906 9942 124
9925 9959 158
9929 9955 220
9930 9945 147
9938 9971 57
9939 9970 230
9964 9989 217
9983 10022 100
10009 10041 127
10033 10063 59
10035 10056 4
10048 10086 36
10054 10079 43
10055 10089 242
10074 10109 155
10092 10098 222
10093 10096 43
10100 10130 131
10102 10114 138
10126 10164 287
10143 10168 91
10149 10170 296
10165 10190 186
10187 10192 143
10203 10228 75
10213 10243 129
10242 10272 248
10267 10289 189
10282 10308 211
10306 10353 17
10328 10345 55
10350 10394 181
10360 10374 129
10390 10431 300
10413 10457 268
10424 10425 216
10424 10436 34
10439 10472 202
10456 10464 103
10479 10525 31
10501 10533 120
10525 10551 287
10545 10555 149
10573 10590 54
10578 10602 270
10605 10652 296
10631 10641 55
10657 10671 143
10664 10667 49
10665 10682 14
10680 10689 186
10702 10721 257
10730 10732 11
10740 10790 121
10756 10785 174
10779 10794 158
10805 10825 44
10830 10831 274
10834 10873 101
10837 10883 146
10839 10871 132
10867 10895 119
10888 10910 189
10915 10962 70
10928 10931 133
10957 10972 70
10982 10992 207
11012 11032 56
11042 11047 161
11043 11079 164
11055 11090 295
11055 11092 62
11070 11092 162
11091 11107 290
11111 11126 69
11123 11129 128
11124 11172 236
11131 11143 299
11147 11192 130
11156 11161 194
11162 11186 86
11172 11191 39
11173 11181 221
11190 11212 158
11196 11226 88
11203 11252 269
11219 11225 169
11225 11241 157
11247 11297 34
11274 11320 149
11282 11326 38
11296 11300 152
11323 11356 247
11332 11336 186
11362 11395 68
11382 11412 21
11387 11408 55
11404 11417 25
11422 11430 294
11444 11481 13
11473 11505 5
11482 11499 289
11485 11504 159
11511 11550 274
11532 11542 31
11558 11564 275
11578 11586 68
11606 11618 71
11620 11632 200
11637 11670 274
11655 11658 151
11685 11698 226
11714 11735 138
11722 11731 19
11735 11769 226
11761 11794 135
11780 11822 237
11795 11838 24
11809 11842 88
11820 11852 36
11834 11874 77
11852 11863 17
11857 11904 61
11886 11914 33
11890 11902 187
11905 11939 235
11921 11924 259
11944 11972 229
11963 11977 88
11988 12021 208
12000 12017 214
12021 12043 249
12038 12068 241
12059 12092 230
12077 12086 115
12079 12100 85
12090 12135 164
12111 12127 223
12130 12135 190
12137 12182 56
12151 12170 24
12180 12221 299
12207 12246 53
12210 12233 261
12228 12235 258
12249 12260 209
12263 12313 281
12263 12290 35
12283 12324 93
12306 12309 133
12309 12353 109
12316 12327 292
12317 12348 280
12347 12362 10
12371 12383 56
12387 12415 184
12403 12436 45
12411 12434 225
12419 12446 40
12446 12465 13
12465 12473 197
12488 12522 42
12514 12535 239
12539 12557 21
12544 12573 146
12566 12580 7
12574 12624 136
12602 12646 279
12623 12641 126
12623 12670 50
12632 12650 175
12634 12660 16
12660 12686 22
12684 12719 245
12705 12735 272
12716 12732 286
12724 12758 261
12742 12784 159
12772 12814 111
12780 12782 233
12808 12852 33
12812 12859 100
12834 12854 267
12856 12892 39
12857 12892 199
12885 12893 157
12901 12943 280
12913 12936 65
12931 12945 136
12937 12952 46
12940 12949 1
12957 12994 274
12976 13012 182
12998 13003 153
13018 13064 106
13030 13075 97
13050 13096 123
13056 13060 111
13086 13106 141
13088 13096 198
13101 13107 263
13120 13150 279
13150 13187 75
13173 13221 176
13175 13221 45
13180 13198 255
13187 13216 269
13198 13200 44
13202 13236 63
13220 13232 22
13233 13253 152
13262 13264 94
13274 13284 198
13288 13293 26
13294 13339 281
13318 13324 66
13336 13371 298
13346 13392 66
13353 13358 179
13366 13385 245
13367 13408 295
13381 13386 295
13404 13420 148
13420 13443 4
13431 13476 210
13433 13462 46
13458 13479 201
13468 13515 151
13469 13482 30
13478 13507 160
13502 13537 17
13503 13532 113
13507 13514 73
13524 13530 71
13532 13579 72
13535 13549 101
13564 13601 51
13566 13593 40
13588 13607 28
13615 13654 49
13618 13629 274
13645 13687 164
13658 13680 293
13684 13713 243
13684 13702 211
13706 13753 214
13709 13748 47
13719 13754 162
13739 13781 200
13746 13777 73
13760 13779 104
13785 13799 283
13795 13818 6
13817 13828 148
13838 13858 175
13861 13890 237
13881 13919 140
13891 13904 179
13903 13943 53
13913 13963 149
13934 13983 299
13937 13978 100
13941 13972 186
13968 14013 2
13995 13998 70
14023 14057 119
14048 14076 59
14050 14054 36
14077 14116 41
14097 14102 180
14116 14118 62
14143 14183 234
14164 14175 57
14181 14217 173
14209 14241 250
14239 14251 133
14249 14281 6
14250 14297 210
14264 14282 272
14277 14294 198
14288 14338 81
14315 14340 145
14321 14340 80
14336 14343 182
14336 14369 295
14340 14383 178
14367 14373 144
14376 14420 193
14381 14412 143
14411 14420 103
14426 14440 280
14441 14467 147
14447 14467 73
14454 14476 207
14460 14470 37
14481 14510 19
14485 14530 48
14485 14526 299
14486 14519 202
14494 14518 140
14521 14557 188
14545 14579 296
14575 14606 85
14583 14620 239
14596 14623 52
14601 14608 296
14613 14623 134
14614 14645 130
14619 14663 62
14647 14671 153
14673 14683 146
14693 14709 255
14708 14724 204
14718 14758 274
14746 14790 121
14774 14775 128
14786 14802 28
14797 14837 112
14808 14846 112
14838 14851 165
14859 14873 195
14873 14882 164
14879 14886 14
14891 14912 200
14891 14933 70
14912 14918 154
14942 14962 259
14953 14990 271
14968 14990 184
14993 15042 107
14994 15041 18
14999 15039 135
15014 15047 278
15026 15032 251
15041 15068 55
15064 15095 27
15090 15122 125
15093 15101 22
15098 15126 13
15124 15163 288
15154 15182 271
15182 15229 131
15191 15226 20
15192 15202 109
15199 15209 189
15200 15227 228
15220 15262 128
15233 15240 191
15240 15290 251
15241 15286 128
15243 15291 268
15260 15271 53
15290 15296 228
15296 15331 291
15298 15313 157
15303 15323 269
15331 15370 150
15337 15374 211
15342 15390 248
15372 15381 123
15382 15429 178
15396 15421 230
15417 15419 173
15421 15423 153
15434 15469 227
15451 15492 257
15453 15501 244
15476 15508 171
15483 15519 19
15508 15534 5
15534 15555 49
15538 15585 64
15544 15565 225
15550 15597 285
15557 15568 110
15569 15615 48
15598 15620 252
15617 15665 41
15634 15664 120
15647 15690 10
15658 15664 249
15678 15721 24
15692 15738 83
15704 15746 30
15704 15707 149
15734 15749 17
15753 15759 150
15775 15785 93
15795 15815 73
15812 15830 220
15824 15864 4
15848 15880 232
15855 15875 34
15863 15894 105
15889 15891 91
15889 15911 246
15889 15911 261
15890 15935 77
15893 15928 163
15896 15903 19
15906 15912 162
15915 15950 41
15926 15976 14
15926 15966 118
15946 15953 256
15947 15987 70
15972 15996 139
15973 16006 60
15988 15999 205
16015 16018 175
16024 16074 168
16027 16054 291
16041 16091 110
16057 16099 71
16072 16089 144
16098 16106 104
16124 16160 70
16150 16165 123
16171 16221 277
16171 16181 285
16180 16213 14
16200 16208 246
16212 16250 275
16216 16239 209
16222 16267 91
16244 16260 115
16252 16279 140
16261 16273 190
16267 16303 68
16274 16301 202
16279 16308 134
16284 16327 105
16303 16319 212
16315 16324 50
16339 16380 167
16359 16378 259
16384 16406 174
16393 16396 210
16421 16426 62
16446 16451 261
16454 16480 294
16482 16513 183
16501 16514 267
16509 16541 163
16533 16580 273
16560 16563 219
16575 16584 245
16595 16597 299
16604 16634 270
16620 16642 29
16646 16694 58
16666 16672 121
16688 16709 299
16715 16762 2
16743 16753 32
16763 16798 199
16770 16817 107
16770 16778 77
16789 16805 162
16799 16812 95
16803 16811 10
16818 16820 11
16845 16856 73
16866 16881 286
16884 16916 68
16885 16928 234
16899 16914 180
16919 16921 149
16938 16971 212
16960 17002 224
16967 16982 198
16994 17042 71
17005 17030 53
17020 17058 249
17032 17061 281
17033 17072 67
17044 17045 178
17061 17081 294
17071 17092 273
17101 17122 116
17127 17140 169
17146 17147 4
17168 17203 147
17172 17188 21
17191 17239 74
17219 17246 225
17232 17238 91
17243 17270 109
17263 17310 229
17289 17338 281
17313 17323 156
17322 17363 270
17329 17368 130
17346 17386 14
17355 17359 271
17368 17369 214
17370 17405 197
17391 17422 115
17392 17403 57
17422 17435 265
17450 17462 41
17464 17484 164
17487 17510 277
17502 17504 135
17513 17514 115
17528 17549 251
17552 17578 133
17575 17602 33
17576 17602 192
17577 17614 276
17582 17629 190
17609 17656 206
17620 17645 2
17646 17666 247
17670 17681 236
17670 17713 226
17694 17734 47
17699 17744 237
17726 17756 198
17734 17752 150
17744 17763 65
17745 17781 138
17774 17824 70
17802 17843 41
17818 17861 187
17828 17862 66
17856 17881 8
17884 17894 84
17903 17906 8
17910 17941 287
17924 17941 166
17928 17969 190
17929 17965 22
17929 17957 3
17954 17965 179
17964 18011 217
17970 17978 221
17977 17990 277
17983 18018 281
18010 18058 76
18038 18070 282
18068 18079 143
18069 18103 94
18085 18129 251
18095 18122 100
18100 18144 283
18123 18143 293
18153 18187 146
18159 18174 298
18178 18223 263
18193 18243 49
18202 18222 69
18230 18255 44
18252 18301 92
18276 18322 3
18283 18329 119
18310 18322 16
18333 18343 111
18339 18380 155
18341 18353 157
18365 18367 271
18375 18416 259
18404 18449 100
18414 18435 122
18437 18447 35
18451 18464 66
18475 18503 121
18502 18505 233
18509 18514 43
18536 18585 253
18539 18569 131
18566 18576 300
18567 18587 66
18574 18612 256
18604 18645 290
18607 18641 2
18626 18658 83
18633 18677 157
18650 18690 16
18671 18714 229
18690 18711 173
18697 18733 218
18702 18711 247
18714 18720 295
18720 18748 287
18736 18782 22
18745 18755 40
18755 18789 180
18777 18814 294
18790 18821 2
18806 18843 16
18828 18869 222
18844 18891 169
18860 18884 292
18890 18898 78
18916 18943 217
18921 18942 253
18937 18954 145
18956 18996 256
18974 18983 267
18984 18996 258
19000 19019 79
19010 19029 190
19011 19041 56
19029 19055 126
19046 19076 268
19065 19083 157
19069 19104 77
19080 19125 176
19105 19150 8
19124 19173 121
19135 19152 96
19135 19171 282
19164 19180 143
19185 19204 48
19195 19238 112
19206 19233 95
19229 19278 225
19252 19269 280
19277 19319 160
19294 19306 296
19314 19328 141
19340 19388 215
19348 19352 137
19370 19416 227
19383 19417 220
19412 19461 183
19436 19464 132
19451 19473 136
19465 19514 67
19495 19528 263
19495 19532 126
19508 19525 36
19535 19539 31
19556 19560 273
19562 19599 281
19572 19603 206
19587 19602 243
19598 19627 182
19624 19633 157
19636 19663 20
19662 19696 60
19689 19736 170
19696 19710 56
19717 19720 33
19744 19776 247
19753 19793 144
19770 19771 289
19792 19819 149
19796 19818 13
19798 19814 249
19813 19840 186
19841 19875 189
19852 19889 66
19862 19877 151
19879 19890 235
19892 19906 281
19911 19931 140
19919 19931 17
19924 19953 236
19937 19950 180
19938 19968 235
19966 20002 34
19991 20025 184
20009 20050 169
20024 20038 117
20046 20086 12
20062 20066 287
20085 20117 26
20094 20143 270
20109 20118 14
20121 20129 181
20139 20165 54
20149 20158 111
20163 20193 169
20172 20211 59
20175 20214 156
20202 20248 185
20211 20216 284
20230 20264 255
20247 20295 5
20249 20260 39
20277 20320 234
20282 20328 260
20293 20321 164
20307 20309 211
20331 20380 264
20353 20360 14
20383 20427 156
20395 20438 106
20420 20448 77
20422 20447 211
20440 20453 195
20449 20454 90
20471 20511 167
20488 20538 20
20516 20550 56
20536 20541 48
20547 20595 6
20549 20564 89
20574 20611 142
20595 20637 129
20622 20671 121
20623 20671 36
20653 20659 300
20658 20666 3
20658 20667 297
20662 20707 212
20683 20710 298
20691 20714 72
20705 20747 261
20726 20733 212
20740 20786 272
20764 20783 124
20771 20786 88
20792 20842 51
20794 20823 184
20819 20820 117
20832 20868 253
20860 20898 292
20870 20872 121
20897 20913 294
20903 20948 181
20904 20934 105
20915 20955 59
20928 20973 39
20958 20966 257
20978 20986 258
21000 21048 94
21004 21032 162
21018 21035 272
21034 21066 130
21045 21054 12
21064 21100 148
21087 21094 288
21114 21135 171
21129 21145 232
21155 21160 292
21173 21219 171
21203 21212 139
21227 21239 241
21242 21259 197
21271 21300 278
21294 21298 130
21315 21345 5
21332 21334 39
21348 21388 194
21363 21413 190
21392 21436 4
21398 21425 198
21416 21418 53
21439 21459 24
21461 21494 200
21469 21501 289
21496 21504 118
21512 21513 31
21513 21532 146
21521 21569 210
21537 21566 128
21565 21592 128
21589 21636 239
21595 21621 296
21613 21658 163
21627 21675 38
21630 21660 11
21643 21644 150
21672 21692 43
21673 21723 273
21678 21698 167
21678 21710 82
21688 21732 31
21696 21738 181
21703 21723 200
21733 21755 299
21745 21771 152
21762 21810 134
21770 21788 154
21787 21816 280
21791 21802 29
21791 21833 13
21809 21847 45
21816 21840 184
21836 21857 268
21847 21892 279
21873 21884 54
21879 21889 59
21892 21921 169
21901 21949 88
21928 21946 262
21947 21949 204
21968 22012 300
21998 22012 237
22018 22022 288
22025 22030 55
22030 22031 77
22055 22058 155
22078 22097 128
22097 22128 5
22113 22135 292
22130 22137 40
22136 22161 195
22146 22192 133
22148 22175 182
22170 22204 83
22177 22179 2
22189 22207 216
22195 22219 248
22198 22234 138
22200 22223 231
22220 22236 250
22246 22271 105
22249 22291 115
22263 22287 86
22291 22309 194
22300 22311 231
22319 22369 264
22328 22347 172
22335 22383 78
22343 22349 82
22366 22398 74
22382 22394 8
22391 22433 22
22408 22414 198
22431 22460 34
22433 22458 29
22463 22505 178
22491 22541 37
22514 22525 144
22514 22564 202
22530 22556 112
22542 22580 220
22555 22558 256
22565 22607 78
22574 22584 179
22597 22601 159
22601 22626 215
22603 22624 141
22604 22639 24
22617 22642 18
22619 22628 77
22644 22650 260
22671 22714 290
22691 22699 145
22717 22739 2
22719 22725 138
22719 22743 20
22740 22785 300
22758 22768 250
22776 22796 62
22792 22828 276
22802 22814 154
22827 22862 55
22834 22877 221
22841 22864 145
22870 22876 246
22889 22903 288
22918 22933 94
22935 22938 165
22951 22983 80
22953 23000 158
22965 23003 271
22970 22991 66
22997 23026 81
23004 23038 35
23028 23034 230
23046 23069 23
23049 23097 124
23059 23096 150
23062 23065 60
23081 23116 248
23097 23144 25
23109 23110 17
23110 23145 32
23137 23149 227
23148 23187 213
23168 23191 94
23176 23199 220
23180 23193 10
23192 23209 32
23192 23209 159
23194 23241 252
23209 23210 94
23234 23239 200
23243 23273 252
23262 23286 45
23266 23290 123
23287 23319 49
23314 23327 126
23329 23358 114
23353 23377 205
23370 23397 32
23386 23409 170
23397 23414 82
23415 23431 230
23432 23472 240
23449 23469 268
23462 23494 168
23478 23515 292
23506 23520 85
23530 23541 206
23530 23561 176
23554 23555 246
23567 23585 297
23568 23584 115
23582 23599 167
23590 23627 186
23600 23647 115
23601 23646 175
23625 23637 112
23655 23669 34
23669 23702 78
23699 23709 81
23725 23742 32
23745 23775 103
23764 23807 85
23778 23786 157
23807 23835 115
23833 23871 15
23838 23839 215
23858 23895 135
23866 23870 169
23867 23904 67
23894 23936 8
23920 23946 106
23939 23968 275
23952 24000 287
23978 24018 288
24006 24046 284
24014 24043 9
24044 24062 119
24064 24107 203
24091 24124 159
24106 24122 107
24112 24152 99
24139 24154 233
24165 24184 84
24165 24173 133
24171 24184 92
24201 24225 97
24203 24211 159
24224 24250 24
24232 24255 246
24238 24255 147
24259 24302 34
24274 24308 98
24286 24305 59
24294 24301 30
24306 24346 118
24332 24352 58
24351 24363 132
24354 24366 284
24378 24401 42
24396 24422 45
24400 24437 84
24401 24434 86
24430 24450 67
24432 24481 4
24450 24481 67
24458 24498 104
24484 24491 113
24489 24526 53
24516 24549 298
24533 24580 145
24534 24574 18
24545 24568 138
24555 24559 62
24561 24591 126
24577 24609 107
24590 24628 41
24591 24597 136
24610 24657 34
24639 24663 267
24662 24681 110
24684 24724 261
24710 24723 207
24732 24746 215
24761 24782 53
24772 24783 4
24775 24808 248
24803 24847 159
24810 24846 40
24829 24843 197
24850 24865 209
24860 24890 168
24870 24906 75
24885 24931 270
24898 24921 17
24923 24972 122
24936 24953 24
24964 24984 7
24993 25040 141
25019 25034 88
25029 25042 33
25033 25043 168
25034 25057 101
25049 25074 294
25075 25093 245
25087 25089 300
25087 25108 243
25097 25108 299
25105 25128 101
25132 25140 282
25161 25208 180
25182 25209 229
25184 25203 56
25187 25233 55
25217 25232 204
25224 25263 260
25224 25236 83
25245 25261 187
25252 25297 211
25261 25284 171
25290 25297 208
25304 25327 114
25311 25315 128
25330 25377 115
25331 25380 16
25335 25349 43
25354 25365 270
25378 25394 1
25381 25428 17
25399 25422 267
25417 25435 246
25418 25457 3
25439 25449 59
25463 25512 267
25485 25487 108
25511 25561 267
25528 25542 160
25536 25539 41
25553 25599 246
25560 25594 189
25588 25601 182
25595 25630 271
25597 25611 16
25613 25625 206
25625 25630 156
25646 25662 27
25661 25698 51
25684 25712 129
25710 25718 106
25726 25742 247
25735 25777 254
25746 25782 200
25752 25779 19
25769 25791 149
25787 25824 47
25808 25814 120
25815 25860 282
25821 25854 18
25831 25880 267
25848 25896 6
25857 25873 211
25862 25877 50
25865 25880 80
25882 25915 96
25887 25900 132
25891 25901 12
25900 25923 161
25911 25913 44
25932 25960 267
25944 25975 131
25972 25984 195
25987 26006 94
25993 26022 83
26009 26036 275
26009 26014 113
26019 26066 122
26021 26035 295
26048 26057 288
26059 26089 103
26060 26093 212
26077 26093 205
26094 26135 298
26119 26123 56
26125 26151 88
26130 26144 154
26146 26183 3
26158 26175 154
26159 26202 18
26162 26199 266
26190 26214 230
26217 26244 261
26219 26231 271
26244 26275 35
26265 26267 212
26286 26293 177
26296 26304 45
26306 26344 158
26330 26376 209
26353 26355 39
26362 26405 142
26371 26393 108
26375 26380 19
26385 26397 226
26410 26411 18
26424 26471 113
26448 26475 32
26468 26478 22
26479 26518 92
26497 26523 16
26526 26567 223
26528 26569 4
26549 26563 29
26556 26575 128
26568 26603 101
26569 26610 226
26583 26600 163
26594 26596 23
26600 26616 19
26613 26635 66
26626 26654 299
26652 26677 164
26681 26710 54
26687 26737 76
26709 26735 10
26709 26715 57
26710 26733 85
26729 26749 230
26733 26740 265
26748 26767 8
26768 26818 132
26776 26808 140
26798 26810 33
26826 26841 138
26851 26898 131
26876 26898 274
26878 26928 283
26886 26921 255
26915 26943 2
26925 26964 28
26932 26977 90
26944 26945 71
26954 26987 36
26963 27002 189
26987 27006 14
27014 27051 41
27038 27075 52
27046 27081 2
27055 27074 290
27070 27082 152
27072 27107 113
27086 27131 291
27116 27150 175
27128 27177 99
27139 27150 49
27141 27150 236
27167 27195 137
27168 27169 60
27180 27219 40
27198 27232 1
27206 27245 164
27223 27225 165
27246 27271 90
27273 27320 87
27299 27333 213
27312 27314 233
27331 27360 263
27333 27345 119
27354 27391 3
27366 27400 234
27380 27395 209
27382 27401 215
27395 27443 188
27398 27445 276
27415 27445 42
27439 27466 146
27439 27475 136
27441 27443 137
27468 27502 292
27482 27493 13
27486 27534 106
27490 27532 214
27519 27528 1
27540 27577 58
27540 27577 45
27551 27588 54
27579 27604 154
27588 27637 188
27611 27620 145
27636 27661 93
27658 27667 197
27679 27712 75
27704 27713 292
27718 27767 286
27727 27762 119
27733 27746 68
27735 27764 236
27737 27781 213
27761 27801 190
27766 27773 26
27795 27806 87
27807 27828 119
27821 27831 28
27829 27835 53
27859 27896 126
27878 27909 140
27907 27915 79
27912 27957 77
27921 27971 168
27922 27923 70
27948 27968 78
27973 28016 260
27983 28005 163
27986 28018 156
28010 28031 56
28028 28051 200
28029 28032 257
28034 28035 168
28036 28070 243
28060 28062 76
28070 28113 165
28081 28109 256
28084 28098 262
28091 28132 31
28100 28131 264
28125 28169 262
28140 28150 230
28161 28207 78
28167 28178 63
28197 28204 264
28213 28217 237
28227 28237 206
28257 28271 202
28263 28284 229
28269 28296 103
28296 28340 59
28318 28349 41
28339 28374 84
28358 28401 39
28369 28387 172
28376 28398 37
28399 28436 109
28405 28412 146
28409 28459 270
28438 28459 272
28460 28499 202
28460 28503 214
28461 28482 269
28472 28503 277
28497 28547 273
28524 28547 284
28543 28552 182
28563 28596 174
28580 28612 127
28586 28635 166
28607 28630 238
28614 28622 2
28643 28688 102
28662 28710 278
28689 28704 112
28694 28698 246
28717 28748 73
28718 28732 290
28730 28759 20
28747 28761 192
28776 28786 121
28799 28802 65
28811 28844 20
28820 28841 215
28821 28838 179
28848 28898 82
28873 28895 259
28880 28904 24
28898 28899 132
28927 28942 126
28954 28955 250
28982 28993 120
28999 29023 239
29003 29042 118
29006 29038 16
29028 29043 143
29048 29053 82
29073 29099 249
29076 29087 235
29103 29152 242
29116 29161 216
29142 29189 92
29159 29163 144
29167 29170 221
29170 29216 192
29198 29217 277
29226 29254 122
29247 29270 190
29256 29284 294
29262 29293 113
29285 29325 100
29294 29299 112
29316 29353 81
29323 29346 202
29339 29362 196
29351 29380 16
29365 29406 240
29395 29420 111
29410 29426 104
29436 29475 285
29439 29455 35
29461 29496 42
29481 29502 149
29494 29510 287
29514 29538 122
29517 29545 107
29541 29559 188
29548 29592 88
29576 29594 135
29587 29593 240
29600 29650 285
29621 29631 236
29647 29669 74
29666 29683 56
29687 29722 72
29696 29705 148
29709 29730 255
29713 29757 31
29731 29746 268
29754 29803 43
29778 29782 137
29792 29813 122
29822 29832 66
29842 29853 33
29857 29862 30
29860 29909 125
29880 29884 245
29883 29927 105
29883 29918 46
29901 29950 58
29921 29948 257
29934 29945 87
29947 29954 221
29970 29980 19
29998 30034 265
30016 30040 161
30042 30074 57
30045 30087 244
30070 30099 240
30077 30113 237
30103 30135 196
30130 30164 191
30131 30173 264
30135 30169 159
30162 30169 37
30175 30225 102
30186 30206 76
30213 30254 112
30231 30262 97
30231 30281 251
30234 30281 169
30251 30261 207
30259 30272 135
30269 30307 247
30290 30323 13
30318 30359 68
30318 30325 232
30338 30368 141
30360 30370 230
30374 30392 24
30390 30416 260
30409 30441 54
30427 30470 105
30456 30469 117
30484 30486 300
30487 30491 163
30509 30546 119
30514 30559 22
30541 30589 29
30563 30577 24
30592 30611 231
30614 30640 98
30638 30681 272
30641 30663 155
30642 30689 10
30657 30677 157
30677 30699 186
30700 30711 3
30719 30765 262
30741 30769 55
30751 30761 266
30767 30795 104
30792 30838 171
30798 30841 86
30823 30869 184
30834 30856 135
30860 30897 57
30860 30895 22
30888 30926 101
30897 30927 141
30914 30934 293
30915 30951 13
30944 30956 145
30973 30988 56
30974 31014 213
30975 30981 112
30981 30993 175
30989 31011 298
31016 31033 171
31020 31059 279
31021 31023 27
31038 31063 23
31068 31104 209
31095 31121 220
31101 31102 256
31120 31160 29
31132 31144 23
31149 31160 12
31161 31167 246
31186 31236 9
31198 31235 130
31224 31273 104
31240 31256 61
31265 31290 297
31285 31308 224
31309 31331 131
31332 31335 242
31342 31373 16
31342 31381 133
31369 31394 261
31389 31435 157
31402 31449 259
31426 31474 17
31438 31488 44
31442 31447 278
31444 31462 242
31474 31479 235
31489 31510 300
31491 31525 3
31513 31540 139
31534 31537 119
31537 31571 183
31559 31587 252
31570 31586 144
31582 31594 248
31596 31642 161
31600 31621 177
31611 31650 80
31636 31674 285
31658 31664 8
31661 31682 28
31685 31728 224
31698 31719 121
31708 31754 57
31727 31770 160
31729 31758 142
31743 31747 216
31773 31804 76
31785 31813 226
31788 31809 204
31818 31850 257
31840 31887 190
31854 31857 55
31875 31921 226
31875 31877 31
31896 31902 277
31897 31898 112
31926 31960 154
31942 31951 298
31945 31982 254
31975 31992 85
31984 32007 298
32006 32038 45
32012 32044 56
32027 32053 172
32040 32042 104
32067 32102 216
32083 32086 253
32098 32141 247
32118 32138 232
32142 32172 203
32166 32174 212
32186 32228 80
32207 32223 295
32230 32245 30
32230 32235 174
32249 32276 216
32279 32318 195
32291 32338 200
32318 32322 62
32321 32359 235
32336 32342 96
32346 32395 106
32353 32391 241
32361 32410 113
32379 32420 231
32383 32430 231
32397 32438 196
32404 32438 47
32431 32445 224
32461 32507 286
32472 32479 52
32489 32515 35
32497 32504 13
32500 32537 160
32524 32574 251
32533 32536 26
32536 32581 15
32559 32577 287
32587 32632 144
32607 32652 56
32631 32649 59
32638 32657 253
32667 32701 153
32669 32677 185
32676 32698 35
32689 32709 249
32695 32728 158
32710 32751 118
32734 32759 142
32752 32796 33
32773 32817 240
32776 32788 27
32797 32846 231
32821 32833 297
32828 32836 266
32842 32847 208
32866 32915 226
32875 32920 72
32881 32928 78
32888 32924 169
32894 32900 26
32910 32936 61
32933 32977 190
32961 32991 154
32974 33000 109
32997 32999 47
33011 33038 133
33026 33074 6
33041 33083 46
33070 33113 38
33087 33123 120
33111 33132 229
33135 33172 24
33148 33163 198
33164 33208 14
33164 33190 7
33166 33175 129
33194 33229 247
33221 33226 43
33243 33244 118
33260 33282 299
33268 33300 54
33295 33303 58
33295 33313 286
33299 33320 116
33310 33358 3
33328 33374 283
33349 33376 148
33362 33364 290
33367 33375 232
33397 33444 257
33399 33433 144
33417 33442 218
33435 33441 255
33448 33484 145
33461 33463 214
33482 33512 287
33493 33536 107
33522 33547 49
33532 33551 148
33557 33600 188
33557 33568 282
33559 33590 281
33575 33592 252
33593 33637 113
33612 33661 28
33634 33680 242
33653 33671 23
33657 33662 257
33686 33688 191
33690 33700 258
33717 33741 219
33726 33769 104
33745 33765 291
33757 33784 65
33780 33815 51
33794 33808 273
33795 33805 290
33823 33867 283
33826 33850 222
33828 33867 75
33849 33894 239
33872 33913 16
33875 33924 137
33885 33897 168
33888 33917 102
33910 33915 167
33932 33940 41
33955 33958 299
33955 33996 189
33971 34020 44
33983 34017 114
33991 34003 219
34018 34050 27
34039 34067 227
34050 34064 129
34069 34082 40
34088 34089 260
34090 34133 147
34103 34109 12
34133 34153 88
34136 34155 35
34139 34180 279
34159 34179 239
34183 34189 95
34200 34247 53
34221 34234 192
34226 34274 297
34228 34261 127
34231 34276 87
34240 34275 119
34240 34268 146
34258 34300 1
34263 34301 168
34263 34294 77
34291 34299 17
34300 34326 295
34300 34319 201
34300 34347 12
34330 34360 87
34348 34391 19
34371 34402 300
34387 34402 242
34392 34423 115
34403 34441 251
34405 34432 22
34415 34462 212
34439 34454 164
34468 34483 159
34471 34475 76
34501 34549 52
34510 34554 81
34524 34558 158
34532 34576 127
34548 34591 159
34560 34599 237
34588 34592 130
34607 34641 64
34617 34651 49
34627 34654 222
34641 34683 73
34647 34680 166
34671 34691 176
34685 34729 1
34700 34737 112
34721 34760 53
34724 34737 246
34748 34764 228
34753 34780 228
34780 34824 259
34803 34828 80
34808 34842 105
34826 34856 246
34842 34872 292
34856 34895 142
34861 34874 13
34886 34914 221
34898 34906 206
34924 34947 247
34952 34991 34
34953 34969 97
34968 34975 126
34970 34984 231
34975 35014 269
34988 35002 97
35012 35016 254
35023 35072 262
35030 35045 297
35031 35063 151
35034 35083 129
35053 35069 195
35058 35072 127
35088 35100 56
35098 35147 41
35107 35118 230
35117 35138 86
35138 35147 116
35167 35191 169
35194 35241 276
35194 35240 47
35224 35231 5
35253 35270 117
35253 35270 202
35273 35293 141
35286 35288 255
35307 35324 181
35319 35366 80
35331 35371 184
35352 35401 242
35382 35395 196
35396 35431 294
35407 35425 85
35431 35481 218
35439 35440 288
35457 35465 210
35484 35492 94
35484 35517 69
35491 35523 289
35508 35529 275
35512 35529 120
35533 35552 33
35561 35576 142
35591 35621 254
35596 35631 16
35613 35617 242
35640 35663 51
35669 35695 83
35679 35701 3
35685 35693 217
35711 35750 11
35716 35717 247
35722 35771 30
35731 35765 77
35743 35788 271
35771 35795 205
35799 35827 50
35801 35817 98
35824 35830 141
35836 35839 138
35843 35850 113
35872 35906 242
35896 35908 209
35905 35930 256
35929 35976 16
35936 35972 58
35949 35981 166
35974 35993 158
35974 35998 39
35975 36005 166
35977 36006 42
35986 36021 230
35993 36027 3
35996 36023 289
36022 36065 165
36048 36050 197
36050 36092 104
36052 36060 122
36053 36057 95
36060 36094 73
36081 36112 84
36088 36128 86
36095 36145 30
36114 36117 170
36134 36165 5
36141 36175 33
36158 36188 33
36183 36220 265
36212 36248 139
36212 36224 212
36219 36239 176
36228 36248 244
36228 36243 217
36230 36258 100
36253 36256 137
36274 36287 140
36299 36338 47
36304 36316 33
36332 36351 215
36355 36375 238
36375 36386 76
36393 36414 210
36419 36439 10
36436 36439 250
36458 36472 293
36480 36500 281
36489 36527 295
36509 36535 205
36513 36558 56
36532 36562 21
36539 36571 269
36543 36556 105
36554 36604 101
36578 36608 1
36585 36615 210
36603 36616 183
36626 36668 150
36633 36662 200
36663 36698 87
36689 36716 215
36707 36722 51
36733 36738 26
36747 36758 201
36764 36793 161
36794 36824 278
36814 36860 262
36834 36850 104
36846 36893 255
36864 36897 282
36892 36926 223
36895 36912 286
36906 36950 46
36936 36985 147
36943 36978 298
36948 36980 247
36950 36973 77
36961 36983 61
36981 36998 245
37009 37029 267
37030 37060 205
37032 37064 204
37036 37079 129
37053 37059 32
37069 37076 194
37079 37086 226
37100 37135 136
37119 37128 20
37135 37152 212
37150 37168 266
37153 37162 122
37167 37182 12
37170 37216 60
37180 37224 287
37195 37222 137
37220 37268 129
37237 37238 174
37251 37282 118
37276 37303 198
37294 37319 122
37321 37363 140
37332 37333 294
37333 37364 174
37336 37370 296
37366 37416 300
37386 37394 12
37392 37440 28
37415 37417 298
37430 37450 208
37435 37470 229
37452 37481 79
37458 37486 190
37469 37493 262
37493 37507 9
37500 37516 193
37508 37521 162
37512 37542 34
37517 37562 219
37526 37562 65
37535 37574 279
37555 37569 38
37571 37592 259
37599 37605 161
37624 37657 19
37637 37655 75
37654 37674 96
37672 37687 248
37692 37720 213
37712 37758 4
37728 37759 46
37739 37748 275
37769 37816 224
37777 37805 120
37785 37792 259
37810 37850 220
37832 37868 93
37845 37872 234
37874 37909 207
37877 37916 174
37901 37949 182
37918 37931 221
37944 37973 166
37971 38009 214
37971 38007 174
37999 38011 215
38004 38036 285
38033 38037 126
38046 38082 92
38047 38050 263
38049 38063 53
38074 38075 222
38091 38118 117
38118 38120 11
38138 38177 44
38142 38159 266
38145 38187 224
38175 38190 273
38183 38186 230
38202 38231 131
38215 38249 75
38237 38277 59
38238 38250 156
38249 38288 159
38251 38269 282
38259 38307 68
38259 38296 221
38281 38292 193
38288 38315 229
38302 38305 158
38320 38346 179
38349 38382 268
38354 38388 148
38355 38379 279
38356 38359 232
38371 38384 27
38387 38391 229
38403 38441 39
38431 38470 128
38455 38490 172
38457 38466 53
38478 38513 230
38484 38498 126
38496 38498 103
38504 38530 70
38510 38517 53
38514 38552 102
38544 38592 201
38559 38573 82
38563 38611 265
38586 38630 290
38601 38625 86
38612 38627 215
38626 38660 123
38652 38668 109
38654 38685 272
38669 38681 65
38688 38690 229
38718 38744 35
38721 38749 275
38749 38778 251
38767 38808 188
38795 38807 192
38797 38804 290
38803 38826 214
38822 38832 131
38825 38855 39
38827 38844 287
38829 38857 92
38840 38844 132
38861 38863 240
38875 38876 62
38903 38918 223
38927 38954 187
38940 38986 42
38957 38987 95
38975 39012 14
38986 38998 91
39016 39021 158
39028 39044 230
39043 39091 199
39044 39051 291
39046 39082 35
39063 39077 30
39066 39071 238
39069 39091 140
39069 39103 273
39086 39116 4
39094 39117 160
39105 39133 287
39115 39137 195
39116 39160 147
39141 39191 144
39159 39199 22
39182 39193 126
39201 39203 60
39208 39249 193
39224 39240 143
39239 39274 188
39249 39283 77
39267 39309 10
39286 39289 224
39306 39342 162
39307 39326 174
39310 39329 10
39322 39324 211
39327 39344 29
39342 39370 90
39348 39375 141
39364 39398 245
39375 39406 205
39376 39399 129
39406 39439 300
39424 39473 100
39449 39465 30
39475 39513 55
39488 39524 100
39513 39522 98
39514 39540 153
39514 39539 124
39532 39549 217
39560 39573 187
39565 39602 86
39591 39630 233
39597 39602 203
39623 39633 211
39632 39633 8
39639 39673 294
39657 39670 208
39675 39684 141
39692 39696 29
39722 39755 10
39726 39732 288
39754 39775 10
39764 39807 197
39789 39836 232
39818 39839 245
39834 39859 277
39840 39858 21
39866 39914 97
39871 39884 214
39877 39900 165
39895 39918 85
39919 39935 78
39938 39944 106
39944 39952 251
39974 39981 14
39982 40000 96
39999 40006 191
40008 40028 265
40037 40064 284
40061 40081 173
40076 40078 288
40078 40124 77
40097 40123 27
40108 40140 233
40110 40113 185
40120 40126 21
40136 40139 28
40153 40174 126
40164 40202 240
40180 40191 17
40188 40215 286
40215 40265 23
40233 40268 270
40252 40271 5
40266 40316 168
40282 40305 69
40311 40348 207
40328 40343 134
40346 40382 203
40356 40361 257
40382 40424 238
40386 40435 105
40409 40412 244
40426 40472 51
40456 40463 223
40470 40471 70
40470 40489 69
40492 40527 239
40500 40518 294
40504 40505 98
40512 40517 35
40539 40576 139
40541 40585 228
40554 40560 37
40574 40623 83
40578 40597 5
40592 40635 148
40596 40636 86
40624 40653 13
40640 40682 226
40665 40670 279
40674 40707 93
40687 40695 280
40716 40718 241
40743 40756 245
40764 40768 195
40766 40802 252
40771 40790 126
40790 40791 38
40797 40828 189
40801 40806 78
40813 40833 41
40828 40862 57
40834 40852 8
40864 40881 55
40873 40907 59
40896 40939 145
40901 40909 79
40927 40929 285
40937 40967 97
40958 40965 91
40974 41002 160
41003 41028 42
41031 41069 204
41058 41070 69
41085 41089 203
41101 41105 276
41113 41157 197
41122 41151 157
41123 41172 59
41151 41176 76
41157 41183 86
41174 41194 233
41190 41222 243
41203 41222 32
41204 41226 272
41220 41238 282
41241 41275 116
41260 41285 240
41264 41303 43
41289 41300 169
41299 41329 275
41319 41335 284
41337 41344 5
41347 41372 183
41354 41397 9
41374 41409 111
41388 41428 91
41391 41440 170
41405 41440 16
41409 41410 24
41430 41438 55
41433 41471 70
41444 41463 187
41460 41479 123
41476 41507 258
41494 41529 191
41510 41554 177
41513 41533 82
41529 41560 211
41534 41563 170
41545 41569 265
41546 41593 238
41547 41557 71
41551 41585 286
41577 41621 88
41605 41626 53
41615 41660 54
41641 41650 269
41660 41703 46
41663 41704 78
41691 41738 145
41718 41736 81
41739 41766 272
41760 41809 123
41762 41765 174
41779 41810 19
41803 41820 210
41823 41856 209
41853 41863 67
41877 41910 171
41901 41935 190
41931 41969 287
41945 41975 197
41950 41963 192
41978 42001 143
42005 42042 241
42012 42058 282
42018 42050 42
42024 42072 127
42043 42059 161
42053 42070 44
42082 42093 167
42106 42135 237
42126 42151 295
42127 42139 131
42127 42150 25
42133 42140 241
42149 42184 139
42177 42222 88
42181 42222 18
42201 42214 230
42208 42251 101
42211 42259 257
42229 42273 38
42256 42295 293
42261 42275 103
42288 42298 176
42293 42315 10
42294 42295 155
42314 42343 150
42320 42369 132
42342 42354 183
42361 42368 287
42377 42420 164
42405 42411 213
42429 42456 238
42447 42475 212
42463 42481 203
42469 42504 110
42499 42528 103
42499 42529 155
42500 42501 264
42524 42555 218
42528 42554 137
42551 42580 215
42567 42593 244
42597 42605 176
42618 42668 257
42625 42674 125
42625 42629 22
42625 42645 131
42650 42698 165
42674 42698 177
42693 42720 139
42723 42766 189
42750 42795 225
42769 42790 59
42785 42808 171
42797 42836 123
42827 42849 64
42850 42858 31
42864 42896 220
42880 42895 59
42897 42903 254
42911 42935 164
42923 42962 117
42927 42946 211
42929 42932 291
42959 42969 65
42978 43001 45
42984 42985 163
43008 43043 274
43028 43077 127
43032 43079 273
43032 43035 274
43050 43077 105
43064 43109 286
43083 43088 169
43100 43124 261
43111 43150 230
43126 43159 59
43133 43180 138
43153 43178 59
43157 43170 155
43174 43200 25
43186 43216 72
43186 43206 75
43206 43238 45
43206 43234 53
43226 43255 37
43232 43253 35
43255 43276 11
43280 43326 142
43284 43313 28
43293 43318 179
43301 43336 193
43327 43361 44
43339 43361 174
43367 43404 179
43381 43401 4
43381 43417 280
43392 43400 67
43410 43428 181
43421 43423 9
43424 43445 158
43444 43454 118
43472 43488 10
43484 43517 211
43484 43515 226
43510 43521 243
43513 43559 34
43517 43536 186
43546 43553 248
43561 43579 267
43581 43594 21
43601 43644 179
43622 43662 236
43634 43653 142
43646 43686 175
43675 43683 218
43688 43719 175
43697 43706 165
43700 43726 15
43729 43736 154
43753 43765 52
43777 43806 145
43802 43829 207
43830 43831 220
43859 43882 27
43885 43918 133
43899 43921 74
43911 43961 110
43932 43972 202
43942 43989 96
43971 44003 74
43972 44015 26
43984 44031 37
43984 44027 270
43986 43993 18
43994 44000 119
44012 44059 57
44017 44049 215
44025 44051 179
44048 44088 219
44056 44102 131
44069 44085 35
44093 44129 83
44106 44138 45
44123 44147 169
44128 44129 4
44151 44173 53
44181 44214 120
44202 44220 232
44226 44236 150
44239 44288 172
44268 44311 271
44272 44299 79
44302 44329 163
44322 44355 66
44329 44370 100
44329 44374 219
44330 44365 14
44335 44369 92
44355 44361 190
44362 44401 126
44378 44403 288
44381 44422 18
44397 44400 231
44405 44435 207
44428 44466 60
44455 44478 106
44460 44506 217
44482 44522 45
44496 44519 115
44513 44553 161
44530 44545 87
44540 44574 298
44554 44565 230
44582 44627 145
44609 44637 151
44613 44629 82
44641 44673 140
44658 44699 171
44676 44704 97
44680 44701 23
44689 44707 141
44717 44754 148
44740 44782 158
44766 44792 11
44781 44817 128
44798 44828 270
44826 44869 140
44852 44888 159
44863 44873 108
44881 44884 138
44886 44934 168
44902 44927 31
44927 44940 254
44954 44986 49
44982 44986 19
44983 45033 273
44993 45040 274
45015 45016 259
45036 45042 293
45046 45064 290
45049 45057 61
45074 45119 169
45077 45122 221
45094 45113 42
45095 45096 267
45095 45121 79
45106 45140 103
45131 45171 151
45144 45192 148
45154 45200 117
45165 45204 23
45192 45225 148
45210 45218 143
45234 45267 279
45242 45274 93
45244 45260 38
45272 45300 156
45290 45315 77
45290 45322 161
45314 45343 131
45323 45329 123
45339 45361 58
45362 45369 242
45373 45412 270
45387 45399 1
45401 45405 194
45427 45431 64
45443 45486 18
45456 45495 209
45485 45528 194
45504 45536 30
45506 45519 231
45524 45572 161
45535 45565 30
45539 45568 58
45546 45583 2
45553 45569 126
45570 45591 60
45582 45612 34
45598 45600 277
45626 45668 141
45654 45692 263
45684 45725 167
45695 45718 19
45703 45735 150
45720 45758 135
45735 45778 247
45748 45755 233
45761 45800 2
45776 45778 80
45780 45787 127
45789 45796 77
45792 45803 163
45814 45851 84
45817 45818 221
45837 45843 222
45842 45849 276
45849 45862 266
45860 45901 24
45862 45911 47
45869 45870 95
45879 45908 33
45886 45919 26
45892 45897 87
45907 45940 41
45914 45964 241
45921 45943 152
45938 45970 261
45961 45998 151
45971 46011 89
45972 46002 161
45979 45993 298
46005 46036 160
46007 46047 236
46019 46061 197
46045 46076 209
46063 46070 7
46065 46102 300
46094 46099 161
46118 46152 206
46143 46153 296
46169 46205 121
46173 46185 142
46195 46201 62
46221 46229 162
46243 46291 79
46245 46277 226
46270 46307 179
46286 46310 124
46292 46307 59
46294 46305 185
46309 46331 241
46333 46343 264
46357 46378 93
46381 46392 240
46381 46427 222
46401 46427 168
46412 46441 140
46422 46452 285
46435 46484 73
46438 46473 60
46446 46495 129
46464 46466 121
46487 46528 82
46505 46545 146
46527 46541 148
46537 46578 42
46558 46608 183
46561 46582 54
46584 46602 63
46585 46592 158
46592 46639 37
46621 46622 237
46627 46633 261
46627 46672 155
46642 46651 196
46643 46687 66
46650 46686 11
46676 46722 18
46679 46714 286
46695 46736 114
46704 46742 117
46730 46780 31
46741 46775 189
46755 46766 8
46784 46820 76
46805 46812 180
46835 46855 136
46853 46877 203
46876 46879 122
46893 46904 234
46905 46947 77
46935 46948 154
46960 47004 232
46986 47010 172
47005 47025 244
47017 47053 77
47017 47050 20
47032 47074 209
47046 47094 130
47071 47094 283
47101 47133 81
47121 47155 256
47131 47145 46
47151 47193 75
47175 47224 227
47201 47220 148
47210 47238 209
47216 47222 254
47241 47286 168
47253 47264 253
47255 47261 198
47270 47288 146
47297 47338 48
47303 47338 200
47328 47329 73
47336 47372 221
47348 47398 291
47358 47365 285
47379 47425 147
47382 47429 283
47409 47413 218
47410 47436 83
47415 47427 61
47435 47439 103
47436 47466 292
47454 47501 20
47482 47520 96
47500 47517 268
47512 47524 90
47542 47555 133
47572 47604 14
47586 47632 73
47608 47634 183
47627 47673 3
47653 47659 127
47680 47686 110
47707 47731 158
47715 47752 48
47737 47769 299
47761 47775 205
47779 47812 204
47801 47811 283
47807 47816 254
47831 47855 88
47843 47856 181
47854 47875 11
47881 47919 261
47883 47924 14
47890 47911 277
47900 47920 78
47915 47943 95
47934 47967 54
47942 47968 59
47953 47964 196
47978 47997 193
48008 48011 150
48012 48026 99
48025 48049 47
48038 48067 204
48055 48063 83
48079 48128 194
48080 48127 299
48103 48139 149
48112 48129 100
48130 48176 132
48151 48157 279
48162 48181 170
48191 48213 208
48199 48211 223
48202 48244 244
48215 48239 124
48220 48227 293
48236 48285 195
48259 48291 55
48288 48330 225
48294 48296 44
48321 48328 121
48328 48375 197
48336 48352 56
48344 48377 216
48361 48370 284
48369 48378 158
48393 48432 133
48414 48439 166
48435 48478 140
48446 48492 11
48456 48495 165
48480 48513 108
48506 48522 75
48534 48557 15
48546 48576 6
48573 48584 231
48575 48600 175
48593 48635 164
48608 48623 24
48631 48644 76
48660 48687 210
48679 48686 44
48681 48698 168
48710 48749 195
48722 48759 202
48752 48789 271
48763 48790 167
48789 48812 54
48809 48815 19
48829 48870 178
48834 48838 142
48859 48860 61
48882 48927 172
48901 48929 121
48929 48959 36
48938 48945 41
48948 48974 53
48963 48983 131
48981 48989 228
48991 49038 56
48991 49013 38
49018 49019 282
49041 49057 66
49067 49088 199
49085 49113 254
49086 49111 26
49111 49146 185
49112 49130 55
49134 49170 271
49144 49171 186
49149 49177 75
49154 49170 194
49166 49172 283
49174 49203 192
49176 49226 265
49186 49218 6
49214 49247 277
49241 49285 264
49271 49276 279
49274 49312 63
49277 49290 138
49280 49283 98
49288 49305 59
49305 49314 209
49305 49318 82
49334 49338 18
49360 49371 260
49387 49406 52
49408 49429 67
49436 49437 143
49441 49449 285
49445 49485 107
49448 49463 70
49456 49500 138
49471 49480 233
49483 49509 290
49491 49520 8
49501 49523 281
49528 49537 163
49554 49585 26
49582 49594 195
49611 49621 297
49615 49626 182
49621 49631 59
49631 49640 10
49659 49683 249
49674 49690 176
49704 49731 272
49734 49772 214
49744 49753 31
49745 49773 298
49759 49798 128
49762 49782 275
49774 49819 242
49785 49790 300
49815 49832 275
49816 49821 7
49821 49871 171
49836 49842 30
49846 49852 212
49849 49885 123
49864 49886 97
49885 49919 114
49894 49922 262
49901 49906 107
49928 49955 239
49948 49984 179
49957 49984 101
49973 50000 38
49997 50003 47
50012 50017 262
50020 50021 45
50030 50078 37
50060 50083 300
50086 50096 282
50086 50093 113
50109 50132 264
50137 50151 229
50150 50180 299
50168 50209 188
50192 50197 48
50193 50211 1
50215 50245 118
50232 50265 3
50244 50294 262
50248 50295 145
50273 50280 23
50283 50296 7
50297 50312 114
50315 50345 158
50315 50344 61
50335 50336 75
50338 50377 123
50339 50385 60
50339 50380 192
50363 50388 295
50381 50402 122
50405 50436 99
50422 50469 142
50431 50437 64
50440 50453 300
50453 50454 109
50472 50492 200
50472 50509 276
50502 50509 42
50521 50559 143
50531 50567 291
50553 50569 124
50557 50564 11
50573 50611 147
50600 50642 185
50600 50619 290
50616 50641 111
50646 50666 88
50657 50684 181
50677 50718 240
50685 50696 284
50712 50747 106
50719 50723 122
50722 50737 185
50737 50748 258
50737 50780 239
50762 50795 29
50776 50782 37
50779 50796 36
50786 50795 57
50803 50851 76
50818 50857 249
50844 50886 192
50856 50902 240
50864 50876 19
50871 50883 61
50892 50917 23
50904 50949 268
50926 50951 242
50949 50989 131
50979 50984 112
50981 50990 169
50990 51035 7
50996 51017 211
51021 51036 1
51042 51091 128
51057 51088 287
51065 51076 76
51076 51115 143
51102 51109 169
51117 51118 276
51119 51134 279
51130 51169 280
51146 51167 286
51161 51209 7
51180 51213 211
51180 51198 254
51197 51211 59
51206 51241 131
51214 51226 99
51224 51266 69
51226 51231 254
51238 51260 94
51265 51284 103
51290 51336 159
51298 51323 96
51299 51334 273
51309 51316 79
51315 51361 101
51337 51374 92
51356 51366 11
51358 51380 79
51358 51365 47
51364 51388 201
51370 51398 58
51375 51381 106
51387 51434 66
51388 51426 290
51401 51435 267
51402 51418 265
51424 51435 94
51445 51477 104
51464 51500 104
51486 51504 183
51512 51527 17
51531 51570 21
51538 51576 228
51541 51564 120
51562 51567 59
51584 51589 34
51591 51618 44
51601 51645 203
51619 51649 71
51648 51657 287
51670 51709 285
51678 51685 57
51681 51687 289
51689 51727 283
51719 51768 57
51738 51782 43
51758 51770 221
51787 51795 145
51803 51829 25
51818 51827 147
51820 51837 96
51839 51843 87
51855 51890 221
51879 51892 156
51908 51918 21
51936 51938 285
51939 51943 283
51952 51995 23
51976 52017 10
51998 52044 138
52017 52060 72
52037 52038 124
52057 52079 193
52086 52122 131
52114 52144 34
52129 52158 286
52145 52162 24
52153 52188 67
52175 52198 109
52197 52210 219
52213 52250 91
52228 52240 267
52245 52259 26
52255 52296 167
52274 52314 75
52278 52323 271
52292 52311 115
52301 52313 194
52313 52345 244
52321 52329 119
52334 52352 4
52353 52390 195
52382 52384 254
52393 52430 63
52407 52427 125
52428 52448 135
52433 52438 154
52437 52442 102
52463 52499 76
52469 52517 240
52492 52523 20
52518 52534 245
52532 52537 98
52552 52594 28
52576 52585 278
52588 52621 223
52593 52615 180
52621 52635 24
52634 52682 60
52664 52669 187
52694 52729 248
52716 52730 249
52742 52759 68
52751 52753 169
52772 52795 45
52801 52833 145
52830 52880 289
52853 52896 25
52874 52919 38
52884 52913 113
52914 52952 129
52918 52941 271
52918 52947 266
52941 52986 8
52951 52990 219
52979 53028 85
52997 53039 260
53024 53059 6
53036 53080 73
53050 53096 198
53057 53078 88
53070 53113 151
53070 53082 46
53085 53098 287
53106 53148 166
53118 53125 84
53143 53164 250
53162 53182 102
53184 53207 50
53198 53211 267
53207 53220 286
53237 53246 165
53247 53253 256
53272 53302 270
53299 53326 181
53313 53328 281
53339 53343 168
53348 53382 193
53366 53405 45
53367 53417 170
53392 53415 185
53410 53450 53
53424 53451 183
53447 53484 172
53448 53478 273
53475 53480 181
53475 53476 74
53496 53530 92
53505 53536 162
53534 53538 32
53557 53592 216
53557 53563 23
53578 53608 229
53600 53609 234
53616 53647 282
53617 53641 120
53623 53654 47
53630 53640 22
53639 53643 258
53641 53665 241
53667 53710 289
53682 53683 4
53688 53732 66
53716 53764 94
53739 53761 186
53742 53779 191
53767 53802 291
53785 53800 12
53785 53805 67
53797 53800 142
53800 53843 217
53817 53853 91
53832 53874 53
53850 53877 185
53863 53896 160
53872 53878 299
53872 53882 224
53898 53920 47
53917 53935 227
53946 53967 88
53965 53990 279
53983 54006 163
53991 54006 119
54015 54052 172
54037 54063 32
54061 54100 208
54075 54098 153
54093 54098 229
54106 54129 233
54114 54155 75
54120 54166 69
54142 54154 124
54148 54158 216
54151 54169 112
54169 54194 299
54190 54235 280
54202 54211 79
54216 54247 126
54220 54242 160
54230 54268 101
54244 54257 264
54254 54255 2
54282 54298 179
54298 54315 285
54318 54343 132
54346 54365 101
54368 54382 222
54378 54420 99
54384 54398 266
54414 54445 93
54422 54466 174
54434 54450 182
54454 54482 153
54457 54481 48
54477 54524 160
54507 54517 141
54533 54553 173
54556 54566 130
54574 54605 93
54582 54589 280
54597 54616 282
54619 54664 206
54636 54670 180
54663 54695 81
54685 54709 26
54710 54724 180
54732 54762 156
54739 54775 241
54746 54755 208
54769 54775 251
54770 54803 258
54771 54782 34
54771 54812 263
54779 54798 9
54803 54827 82
54807 54812 132
54817 54860 97
54834 54864 233
54838 54876 266
54854 54869 228
54877 54904 51
54883 54908 217
54890 54901 146
54909 54911 253
54935 54958 103
54946 54948 187
54952 54988 256
54963 54972 60
54987 54990 48
55009 55043 189
55031 55065 13
55061 55101 234
55075 55082 27
55079 55128 262
55096 55145 161
55117 55163 207
55130 55159 54
55137 55165 242
55144 55175 69
55156 55174 43
55171 55211 69
55176 55198 231
55180 55220 48
55199 55202 244
55226 55263 150
55253 55291 118
55264 55277 22
55277 55296 123
55301 55324 90
55313 55341 47
55341 55360 145
55347 55376 124
55355 55385 268
55359 55369 153
55376 55411 43
55385 55394 16
55393 55437 85
55419 55423 218
55438 55450 106
55465 55501 78
55472 55495 225
55500 55503 129
55522 55551 266
55534 55571 141
55564 55565 154
55585 55621 22
55586 55626 156
55613 55653 147
55616 55657 120
55643 55691 110
55666 55708 85
55680 55711 159
55698 55703 171
55719 55738 110
55742 55745 5
55746 55759 36
55747 55788 180
55767 55794 215
55781 55793 73
55794 55842 89
55794 55810 94
55803 55820 192
55815 55833 183
55825 55856 243
55844 55883 32
55868 55872 91
55892 55932 281
55907 55909 87
55911 55930 135
55940 55965 120
55970 55981 48
55985 56006 73
55993 56040 164
56011 56028 145
56022 56066 75
56048 56089 77
56074 56083 285
56077 56096 272
56084 56110 280
56088 56092 68
56114 56122 104
56129 56136 6
56153 56197 156
56154 56173 90
56177 56221 20
56190 56213 92
56198 56206 88
56213 56259 255
56231 56245 92
56252 56285 168
56253 56279 131
56273 56294 53
56293 56336 28
56310 56357 234
56328 56335 100
56340 56382 163
56370 56390 235
56397 56426 62
56419 56448 235
56423 56428 171
56445 56456 156
56445 56491 106
56474 56506 63
56475 56515 151
56482 56511 68
56495 56498 42
56506 56542 52
56525 56564 164
56541 56543 34
56556 56598 156
56566 56576 136
56576 56613 63
56577 56616 164
56577 56627 203
56594 56612 279
56602 56633 52
56623 56672 292
56640 56650 144
56660 56698 222
56673 56692 86
56695 56742 290
56701 56730 287
56705 56736 251
56726 56738 217
56735 56745 77
56740 56757 19
56761 56806 1
56785 56826 258
56791 56809 221
56816 56832 85
56840 56875 56
56861 56889 144
56863 56894 218
56889 56903 288
56894 56900 120
56923 56950 22
56935 56962 135
56944 56978 57
56946 56991 276
56969 56992 54
56990 56998 172
56991 57005 263
57013 57038 151
57019 57066 59
57036 57046 217
57052 57074 202
57077 57110 46
57085 57132 36
57115 57123 129
57141 57155 25
57169 57179 170
57172 57204 91
57193 57207 107
57217 57238 237
57217 57240 241
57231 57279 112
57247 57284 201
57277 57306 198
57285 57306 260
57298 57313 20
57318 57355 14
57331 57334 286
57339 57365 206
57340 57390 240
57369 57390 57
57374 57408 118
57394 57428 293
57412 57428 165
57426 57457 114
57456 57479 1
57470 57484 35
57493 57518 271
57508 57535 202
57538 57562 160
57568 57573 223
57573 57608 15
57573 57592 207
57590 57627 147
57592 57602 284
57594 57596 34
57606 57650 257
57611 57612 188
57634 57674 220
57663 57711 148
57683 57720 267
57705 57715 47
57706 57743 262
57723 57734 152
57744 57793 213
57748 57764 185
57777 57785 121
57786 57803 106
57802 57807 214
57817 57830 230
57818 57857 297
57841 57872 266
57852 57874 202
57871 57886 204
57894 57909 58
57913 57954 206
57919 57924 238
57944 57953 217
57964 58001 109
57987 58019 259
57990 58030 277
58012 58055 162
58026 58062 268
58054 58066 197
58065 58102 111
58074 58107 245
58093 58129 263
58104 58131 165
58112 58117 38
58129 58136 189
58157 58197 163
58186 58228 156
58205 58255 84
58215 58229 197
58220 58239 125
58232 58262 40
58233 58274 28
58239 58275 45
58259 58293 190
58277 58307 133
58290 58335 208
58301 58316 279
58314 58336 122
58331 58346 130
58350 58392 192
58366 58379 295
58375 58381 253
58390 58440 206
58390 58399 204
58396 58438 262
58401 58415 24
58417 58433 97
58428 58474 58
58455 58493 102
58480 58487 3
58504 58551 100
58532 58560 256
58554 58589 238
58557 58560 253
58585 58607 40
58599 58641 236
58618 58632 263
58631 58642 261
58635 58665 153
58637 58658 97
58644 58659 258
58666 58693 293
58668 58694 26
58696 58729 237
58697 58698 287
58721 58746 201
58748 58759 20
58752 58793 132
58769 58813 66
58794 58843 185
58799 58849 41
58800 58841 64
58826 58862 140
58854 58865 128
58856 58892 236
58856 58902 98
58877 58906 156
58878 58923 254
58897 58912 299
58909 58951 112
58924 58935 273
58942 58954 263
58955 58970 296
58971 58999 279
58997 59029 272
59019 59033 118
59042 59044 256
59058 59060 234
59061 59092 40
59070 59082 110
59080 59099 32
59109 59119 196
59119 59126 107
59139 59159 98
59154 59158 239
59160 59179 37
59161 59210 199
59162 59163 27
59172 59215 24
59197 59215 196
59207 59249 11
59222 59253 53
59247 59270 95
59261 59262 165
59287 59292 180
59316 59324 27
59335 59341 82
59349 59387 251
59363 59378 74
59385 59429 89
59400 59450 130
59419 59435 37
59445 59468 158
59452 59474 183
59478 59524 72
59502 59536 109
59506 59535 244
59511 59517 234
59537 59541 112
59539 59585 228
59544 59549 131
59572 59597 295
59590 59622 48
59600 59602 272
59626 59657 246
59643 59673 43
59647 59657 178
59675 59686 86
59690 59735 173
59699 59701 247
59712 59734 276
59719 59754 131
59732 59740 122
59733 59737 46
59762 59771 128
59790 59817 197
59818 59866 240
59830 59844 239
59831 59838 58
59843 59866 147
59851 59894 5
59856 59889 74
59873 59892 144
59894 59903 67
59907 59918 128
59921 59961 287
59925 59963 237
59940 59947 287
59941 59971 147
59961 59969 42
59967 59972 6
59979 60015 156
59997 60006 75
60004 60052 155
60004 60014 282
60028 60059 27
60037 60043 254
60050 60063 60
60050 60072 86
60080 60100 192
60083 60100 53
60093 60102 136
60119 60158 12
60147 60170 31
60167 60194 54
60175 60192 236
60188 60225 295
60202 60214 189
60214 60234 215
60223 60264 167
60239 60263 168
60250 60269 56
60259 60308 42
60289 60291 274
60292 60333 266
60315 60361 299
60321 60349 64
60339 60389 135
60346 60375 34
60356 60363 124
60359 60361 75
60388 60416 67
60403 60446 265
60431 60477 9
60452 60476 10
60463 60478 57
60482 60496 26
60490 60493 70
60500 60547 172
60530 60544 206
60549 60564 79
60553 60580 92
60573 60582 104
60597 60640 181
60624 60669 95
60636 60679 92
60646 60659 14
60646 60673 200
60661 60711 51
60681 60685 167
60695 60713 105
60695 60716 288
60714 60716 27
60726 60741 270
60744 60770 85
60752 60782 283
60767 60811 59
60773 60811 203
60773 60779 20
60782 60784 110
60809 60836 28
60829 60851 148
60851 60894 108
60860 60907 277
60873 60895 154
60900 60941 89
60930 60931 78
60959 60977 193
60983 60985 147
61007 61052 134
61023 61036 12
61041 61054 226
61065 61107 36
61088 61111 219
61114 61137 214
61138 61156 29
61155 61175 274
61167 61182 149
61195 61202 189
61214 61263 244
61238 61251 85
61266 61293 151
61289 61304 121
61317 61362 187
61329 61378 225
61354 61392 264
61375 61415 86
61377 61409 12
61385 61393 104
61402 61448 242
61413 61436 164
61429 61462 186
61430 61440 152
61455 61460 169
61463 61511 82
61472 61502 126
61496 61513 133
61509 61541 165
61536 61548 225
61539 61583 292
61539 61549 71
61569 61588 73
61578 61596 284
61583 61593 123
61599 61638 188
61599 61633 159
61616 61663 275
61642 61646 85
61649 61681 26
61651 61686 30
61659 61680 19
61687 61737 33
61709 61744 298
61713 61728 168
61738 61770 141
61745 61793 174
61771 61778 70
61786 61805 45
61798 61820 162
61813 61858 66
61821 61829 234
61827 61841 226
61842 61883 249
61843 61860 69
61858 61865 169
61868 61869 233
61894 61914 270
61922 61939 7
61924 61949 115
61947 61968 207
61971 61981 103
62001 62019 243
62015 62026 4
62037 62077 298
62061 62080 90
62082 62120 152
62094 62134 83
62111 62124 13
62133 62166 189
62152 62187 153
62159 62197 227
62159 62208 288
62186 62226 192
62206 62256 234
62222 62262 273
62230 62253 251
62252 62257 293
62279 62329 45
62293 62325 26
62304 62345 149
62312 62362 130
62331 62339 139
62349 62394 248
62357 62361 190
62366 62396 12
62395 62407 41
62425 62467 261
62454 62476 46
62457 62476 167
62481 62518 10
62488 62524 286
62501 62517 63
62515 62551 94
62531 62566 248
62556 62600 207
62563 62595 119
62572 62590 281
62601 62649 291
62607 62637 236
62609 62643 84
62623 62626 165
62648 62697 6
62670 62677 270
62694 62716 258
62717 62742 253
62742 62749 68
62755 62778 277
62761 62770 1
62780 62796 190
62781 62824 71
62809 62810 216
62832 62836 141
62858 62881 117
62862 62878 68
62870 62874 291
62890 62939 8
62916 62954 279
62939 62942 167
62963 62965 7
62965 62979 188
62973 62994 58
62979 63023 287
62999 63025 170
63026 63052 155
63054 63101 218
63057 63104 232
63068 63078 168
63088 63127 87
63103 63117 102
63116 63138 189
63132 63149 98
63141 63173 94
63153 63158 244
63179 63222 131
63188 63236 33
63197 63201 105
63215 63256 85
63232 63234 13
63249 63285 172
63260 63264 292
63278 63318 279
63285 63332 130
63301 63308 295
63301 63325 110
63319 63367 298
63344 63369 56
63357 63393 127
63364 63367 17
63380 63422 209
63389 63421 12
63400 63411 3
63415 63465 105
63432 63446 43
63455 63484 131
63470 63488 161
63479 63513 115
63490 63515 146
63513 63530 112
63539 63549 37
63562 63604 254
63563 63607 129
63582 63594 249
63598 63646 133
63601 63625 212
63609 63627 101
63612 63620 173
63638 63641 209
63645 63653 105
63657 63679 232
63676 63691 123
63678 63706 216
63684 63701 142
63688 63712 162
63714 63716 122
63722 63724 1
63738 63772 229
63747 63757 171
63763 63802 203
63765 63774 3
63781 63812 199
63807 63837 85
63807 63809 74
63832 63868 39
63856 63874 276
63861 63886 262
63889 63922 55
63915 63946 166
63915 63933 96
63932 63964 218
63940 63950 293
63943 63973 77
63959 63985 268
63980 64005 257
64006 64035 265
64014 64037 123
64044 64076 29
64047 64050 50
64075 64088 75
64092 64113 52
64106 64115 197
64108 64138 277
64110 64114 11
64118 64163 254
64141 64179 86
64158 64193 103
64170 64206 148
64178 64228 124
64184 64185 10
64185 64199 182
64209 64255 132
64227 64264 196
64244 64287 77
64250 64257 233
64277 64294 202
64286 64319 284
64307 64319 126
64326 64350 100
64335 64375 163
64361 64406 25
64372 64392 150
64378 64418 105
64379 64381 37
64403 64440 11
64424 64435 233
64450 64491 102
64458 64499 242
64472 64507 228
64496 64531 233
64520 64531 74
64538 64573 294
64547 64589 246
64548 64555 66
64566 64601 169
64580 64591 109
64590 64599 120
64598 64613 138
64625 64654 295
64627 64643 37
64656 64676 6
64661 64677 131
64664 64686 32
64674 64723 221
64702 64726 121
64723 64741 83
64751 64782 141
64768 64817 65
64775 64814 75
64787 64832 274
64799 64811 206
64805 64828 202
64834 64869 259
64854 64855 245
64860 64903 251
64890 64896 268
64898 64905 214
64907 64947 239
64919 64930 219
64928 64944 83
64950 64988 181
64979 64993 294
64996 65010 228
65003 65018 42
65005 65015 73
65016 65047 168
65039 65058 23
65058 65090 290
65077 65116 224
65093 65103 76
65120 65157 85
65144 65146 165
65145 65174 9
65165 65183 11
65191 65204 212
65194 65204 165
65215 65236 63
65237 65266 252
65240 65258 84
65252 65299 184
65268 65278 94
65296 65331 207
65301 65319 73
65321 65349 35
65336 65380 235
65341 65383 101
65365 65389 40
65393 65397 9
65402 65442 40
65408 65428 27
65429 65455 229
65456 65474 65
65457 65472 224
65479 65500 195
65496 65502 55
65518 65543 288
65547 65597 171
65554 65596 8
65567 65598 239
65590 65602 294
65602 65624 195
65608 65631 125
65621 65631 26
65640 65675 102
65650 65658 196
65661 65672 113
65661 65690 267
65681 65683 144
65708 65743 215
65732 65733 242
65753 65793 289
65765 65806 228
65774 65802 28
65798 65811 273
65809 65834 112
65821 65822 185
65848 65895 123
65851 65854 77
65860 65861 228
65878 65895 78
65882 65886 26
65911 65927 211
65914 65956 3
65929 65967 33
65952 65968 143
65981 66011 47
66000 66028 66
66025 66026 158
66039 66044 52
66064 66074 24
66067 66088 148
66087 66115 167
66101 66106 57
66119 66148 224
66143 66168 6
66168 66171 283
66192 66201 115
66215 66261 236
66232 66259 42
66256 66304 221
66276 66316 89
66279 66300 54
66300 66309 180
66319 66366 158
66338 66366 144
66352 66364 248
66381 66423 114
66400 66407 76
66429 66438 53
66439 66468 76
66456 66481 36
66484 66497 12
66488 66513 179
66498 66544 259
66508 66517 16
66526 66546 113
66546 66593 158
66547 66569 141
66559 66607 207
66569 66586 52
66597 66641 172
66624 66663 300
66629 66657 211
66636 66659 91
66663 66706 11
66668 66672 278
66670 66707 11
66697 66742 102
66724 66726 129
66733 66746 131
66741 66775 246
66754 66801 272
66759 66793 254
66787 66810 197
66807 66831 4
66832 66848 285
66849 66898 260
66873 66900 8
66902 66913 91
66920 66958 139
66944 66959 223
66951 66958 186
66961 67001 298
66976 67023 147
66981 67014 179
67004 67033 295
67014 67051 68
67031 67045 136
67044 67093 63
67051 67065 108
67064 67108 89
67083 67115 8
67100 67147 113
67120 67162 6
67129 67172 142
67156 67160 155
67168 67173 202
67175 67188 30
67203 67217 35
67225 67232 226
67235 67238 118
67235 67254 96
67260 67261 49
67269 67310 237
67277 67326 46
67306 67353 212
67322 67358 291
67343 67380 105
67366 67401 28
67367 67406 250
67390 67414 112
67394 67443 103
67414 67437 107
67421 67444 178
67434 67468 150
67443 67489 222
67453 67483 51
67477 67480 19
67491 67541 84
67515 67537 292
67529 67564 61
67529 67561 174
67552 67594 167
67581 67623 239
67607 67610 36
67625 67628 159
67638 67661 253
67639 67674 93
67649 67695 234
67679 67683 7
67707 67741 90
67714 67745 89
67717 67738 5
67723 67771 45
67730 67764 188
67731 67765 113
67740 67768 238
67759 67777 278
67767 67816 177
67773 67782 298
67790 67837 52
67792 67801 47
67813 67854 211
67829 67849 49
67851 67883 257
67864 67869 165
67882 67907 145
67892 67918 111
67915 67921 256
67922 67970 258
67945 67968 197
67970 67998 266
67992 68030 37
68013 68029 200
68021 68024 68
68040 68065 295
68055 68058 24
68068 68072 277
68085 68129 159
68099 68124 107
68113 68159 118
68126 68134 29
68146 68193 260
68166 68194 1
68189 68192 84
68203 68220 276
68225 68265 116
68252 68275 197
68263 68304 92
68282 68287 251
68285 68332 73
68305 68311 102
68334 68340 83
68336 68385 115
68342 68385 247
68348 68389 174
68348 68361 69
68360 68400 262
68372 68374 41
68392 68416 256
68421 68428 208
68425 68440 20
68453 68461 294
68471 68508 190
68488 68530 46
68509 68513 286
68518 68562 243
68527 68552 222
68528 68535 87
68538 68579 17
68561 68578 67
68591 68614 238
68611 68639 31
68617 68659 106
68619 68622 21
68649 68673 69
68679 68725 67
68703 68753 196
68715 68725 51
68741 68775 144
68756 68798 85
68785 68807 123
68808 68841 112
68814 68822 232
68815 68837 44
68826 68876 293
68840 68848 124
68846 68894 38
68872 68913 37
68887 68894 152
68907 68946 212
68911 68933 34
68918 68959 25
68945 68958 294
68960 68993 228
68983 68993 227
68999 69017 199
69023 69038 291
69051 69058 199
69067 69116 63
69083 69128 197
69105 69136 62
69107 69147 229
69121 69152 91
69147 69196 272
69160 69183 23
69160 69166 13
69173 69186 54
69200 69203 11
69230 69238 170
69252 69255 19
69282 69328 13
69293 69341 257
69305 69342 247
69310 69342 233
69323 69339 275
69329 69342 102
69334 69348 197
69361 69368 75
69365 69407 84
69365 69368 125
69386 69420 31
69400 69444 68
69409 69445 179
69429 69436 299
69457 69507 269
69462 69504 268
69491 69537 111
69508 69516 58
69523 69567 228
69539 69572 268
69545 69582 171
69561 69563 286
69563 69601 126
69568 69573 99
69590 69609 241
69592 69622 190
69607 69609 183
69623 69636 259
69653 69697 247
69682 69701 132
69688 69697 107
69705 69739 40
69735 69741 140
69745 69779 160
69749 69770 225
69764 69812 215
69779 69811 185
69788 69819 180
69811 69861 39
69829 69858 6
69843 69852 254
69848 69888 181
69850 69852 182
69878 69918 268
69883 69905 154
69900 69939 13
69922 69931 102
69941 69988 194
69961 69982 198
69979 69999 189
69979 69986 117
70009 70057 298
70009 70034 134
70019 70057 24
70044 70066 294
70065 70068 187
70090 70135 186
70114 70163 59
70130 70164 229
70141 70164 252
70159 70166 283
70166 70214 26
70194 70202 65
70213 70257 6
70225 70268 92
70234 70245 105
70247 70277 23
70254 70276 297
70267 70313 172
70275 70308 267
70284 70306 192
70311 70357 57
70339 70349 7
70367 70376 278
70395 70401 25
70416 70456 262
70446 70461 225
70466 70506 251
70482 70499 178
70497 70514 68
70497 70520 120
70504 70529 67
70528 70572 194
70531 70553 172
70548 70581 151
70557 70581 229
70571 70591 236
70593 70641 190
70593 70604 124
70602 70623 255
70628 70640 206
70632 70664 29
70658 70672 65
70661 70702 262
70671 70700 282
70682 70728 23
70686 70731 264
70688 70697 89
70711 70730 75
70731 70754 160
70758 70781 250
70777 70815 90
70779 70782 96
70800 70840 192
70802 70841 212
70824 70831 50
70828 70876 184
70850 70856 192
70856 70873 180
70857 70877 245
70877 70912 183
70902 70919 248
70918 70951 248
70939 70946 200
70942 70974 16
70971 71004 256
70971 71008 68
70997 71032 61
71010 71024 43
71013 71057 8
71020 71057 83
71023 71073 9
71042 71084 62
71060 71078 179
71080 71091 295
71102 71147 69
71107 71124 120
71124 71168 73
71137 71165 218
71161 71203 190
71183 71205 255
71207 71224 122
71233 71238 50
71252 71295 268
71267 71279 31
71273 71310 74
71297 71309 227
71311 71341 101
71336 71355 85
71343 71387 111
71359 71399 150
71368 71371 262
71396 71417 163
71409 71448 7
71410 71433 285
71417 71432 250
71429 71432 184
71438 71482 3
71455 71471 14
71460 71468 219
71489 71523 211
71495 71510 234
71496 71511 162
71499 71546 239
71524 71531 87
71554 71586 21
71558 71563 171
71559 71574 160
71570 71578 168
71582 71599 59
71587 71616 244
71612 71645 237
71625 71664 125
71645 71655 207
71651 71669 91
71673 71718 81
71684 71695 26
71689 71711 106
71706 71746 222
71729 71752 148
71741 71759 148
71760 71792 66
71790 71826 128
71803 71837 187
71813 71814 33
71827 71875 149
71838 71878 255
71864 71865 179
71880 71925 154
71881 71907 1
71891 71927 246
71910 71929 27
71933 71943 261
71943 71960 255
71948 71965 192
71964 71980 116
71969 71980 83
71984 72011 89
72001 72020 215
72017 72026 2
72018 72048 244
72043 72093 109
72068 72075 278
72083 72118 191
72103 72127 167
72117 72158 241
72117 72134 148
72121 72122 153
72150 72152 197
72178 72191 267
72181 72183 29
72199 72240 280
72225 72236 15
72245 72292 184
72263 72283 17
72272 72277 290
72282 72290 237
72312 72342 186
72332 72346 34
72339 72375 114
72364 72414 217
72369 72385 210
72399 72436 31
72402 72442 8
72403 72409 95
72415 72442 236
72433 72455 86
72450 72462 146
72467 72493 61
72484 72521 203
72510 72543 73
72511 72550 219
72527 72551 208
72540 72560 160
72566 72590 218
72583 72601 277
72583 72613 118
72599 72640 234
72620 72649 31
72625 72630 140
72637 72683 194
72666 72692 31
72690 72698 96
72712 72760 200
72725 72771 212
72743 72772 56
72768 72814 97
72778 72781 26
72790 72791 107
72817 72856 260
72847 72873 156
72854 72904 180
72871 72890 255
72889 72919 68
72904 72905 188
72909 72926 279
72919 72954 95
72940 72962 70
72951 72997 93
72963 72972 194
72975 73008 215
73002 73003 220
73008 73052 143
73015 73057 300
73025 73045 112
73034 73079 267
73039 73046 133
73044 73090 142
73065 73076 260
73092 73100 265
73092 73137 6
73111 73147 66
73133 73148 85
73138 73170 9
73147 73184 166
73147 73161 164
73160 73189 50
73164 73212 183
73175 73179 171
73200 73206 288
73227 73241 241
73248 73264 214
73269 73309 238
73282 73315 288
73303 73323 258
73320 73332 38
73347 73355 118
73355 73370 267
73376 73422 215
73383 73392 170
73394 73435 69
73413 73427 145
73421 73468 238
73437 73450 151
73450 73476 184
73458 73469 70
73477 73513 237
73478 73497 281
73480 73497 84
73483 73527 8
73507 73518 89
73512 73521 91
73531 73552 25
73553 73588 89
73573 73589 274
73574 73624 210
73586 73593 298
73602 73630 185
73621 73634 105
73646 73686 61
73647 73681 263
73657 73686 122
73658 73703 207
73671 73694 194
73685 73694 89
73689 73710 112
73702 73720 122
73709 73714 280
73721 73765 180
73743 73785 59
73773 73805 82
73790 73830 292
73816 73857 192
73836 73857 233
73838 73851 85
73844 73879 180
73846 73853 69
73853 73896 211
73869 73899 214
73894 73900 200
73904 73940 246
73932 73977 8
73960 73977 180
73989 74012 130
74014 74050 188
74022 74030 116
74024 74025 44
74046 74094 253
74073 74120 151
74073 74108 89
74103 74146 21
74118 74141 35
74127 74176 283
74141 74172 82
74143 74189 284
74173 74214 209
74182 74207 71
74202 74220 199
74225 74246 89
74247 74273 249
74270 74273 192
74283 74285 162
74286 74305 217
74304 74308 65
74313 74355 19
74336 74374 168
74364 74377 5
74383 74432 246
74407 74425 228
74425 74434 160
74449 74489 52
74475 74482 267
74497 74509 196
74518 74543 34
74533 74555 282
74536 74572 23
74546 74564 25
74549 74583 232
74555 74570 279
74577 74618 12
74598 74630 138
74603 74614 51
74631 74665 1
74641 74669 7
74664 74714 137
74692 74729 192
74707 74718 177
74726 74758 79
74735 74783 116
74761 74780 254
74786 74818 282
74804 74839 289
74828 74831 30
74830 74849 83
74831 74876 242
74853 74898 83
74883 74893 78
74885 74896 166
74899 74929 114
74912 74959 114
74940 74953 250
74947 74966 176
74961 74975 276
74981 74992 224
74984 75034 144
75005 75047 118
75025 75053 208
75053 75070 274
75064 75081 5
75086 75133 6
75099 75145 91
75124 75128 29
75129 75136 123
75154 75189 112
75170 75184 232
75186 75202 278
75196 75224 193
75202 75236 29
75207 75243 46
75229 75268 63
75231 75261 24
75239 75284 275
75265 75308 218
75294 75341 283
75296 75297 88
75300 75316 257
75301 75323 271
75301 75348 280
75317 75338 285
75334 75365 163
75340 75350 104
75353 75364 218
75381 75395 127
75410 75456 198
75413 75446 200
75418 75451 127
75438 75461 126
75463 75480 170
75467 75498 149
75481 75491 22
75490 75491 170
75505 75519 264
75525 75526 272
75555 75587 112
75584 75626 75
75611 75632 214
75634 75665 72
75645 75663 116
75667 75706 188
75693 75700 147
75705 75731 119
75735 75777 177
