5000
13 33 135
30 56 284
50 74 161
65 78 233
87 125 103
110 127 126
136 169 256
163 164 41
174 219 128
182 193 171
196 197 205
208 253 177
235 242 54
256 294 11
271 282 121
292 297 24
293 312 81
301 335 233
324 346 183
354 400 280
366 396 152
372 398 221
401 447 265
403 413 40
424 438 262
441 486 63
466 513 171
483 531 249
498 510 167
507 526 39
515 530 44
533 572 272
560 588 296
573 589 167
591 623 36
593 625 249
610 643 299
617 621 51
645 686 238
660 708 199
684 705 269
713 736 90
742 779 177
751 759 143
760 809 129
762 795 186
777 819 247
778 790 64
803 845 287
812 845 254
835 865 289
844 856 297
850 895 28
871 890 177
886 889 34
900 939 78
907 922 116
935 960 3
953 977 46
953 1003 176
973 993 60
975 1001 168
994 999 177
1015 1058 84
1035 1046 135
1063 1107 260
1083 1132 147
1098 1110 30
1112 1128 75
1136 1172 86
1158 1168 193
1178 1212 1
1191 1238 205
1200 1210 97
1207 1254 188
1227 1231 161
1251 1301 22
1277 1304 96
1288 1338 135
1310 1348 44
1317 1341 176
1345 1393 297
1348 1371 144
1350 1388 276
1351 1371 153
1357 1406 19
1368 1371 272
1374 1379 218
1397 1443 52
1405 1447 234
1433 1445 14
1451 1462 22
1478 1494 88
1499 1523 285
1528 1542 203
1543 1572 28
1560 1563 243
1580 1630 65
1589 1600 117
1608 1653 183
1618 1638 258
1633 1655 255
1646 1688 76
1651 1688 273
1661 1710 89
1676 1715 19
1677 1716 186
1699 1713 6
1715 1749 51
1723 1749 240
1746 1775 173
1757 1768 281
1781 1816 132
1789 1790 223
1801 1830 38
1808 1827 14
1818 1847 60
1839 1857 5
1845 1860 40
1864 1891 44
1883 1922 83
1910 1947 236
1932 1938 14
1952 1978 274
1961 1993 74
1988 2033 31
1989 2039 180
2009 2057 143
2011 2060 170
2031 2075 109
2059 2077 137
2080 2123 28
2110 2129 18
2110 2136 55
2138 2182 190
2143 2176 35
2148 2165 255
2160 2164 275
2186 2203 267
2191 2214 67
2193 2241 192
2204 2218 167
2232 2281 125
2254 2301 239
2268 2283 263
2282 2331 223
2299 2331 20
2304 2305 120
2310 2314 265
2331 2358 5
2351 2379 294
2365 2371 201
2365 2409 101
2377 2422 67
2398 2416 263
2412 2439 189
2437 2465 294
2459 2484 165
2478 2507 118
2491 2535 3
2502 2535 4
2520 2560 172
2541 2565 37
2554 2592 221
2579 2607 51
2595 2610 139
2605 2648 170
2627 2633 86
2641 2686 133
2656 2705 147
2677 2695 288
2699 2720 139
2706 2725 236
2718 2734 166
2723 2729 95
2735 2753 154
2748 2794 214
2766 2791 172
2783 2812 197
2810 2847 288
2810 2830 201
2834 2865 54
2845 2846 176
2858 2882 214
2867 2879 75
2893 2900 284
2910 2912 150
2929 2971 183
2947 2969 151
2960 3002 4
2988 2997 22
2989 3001 298
2997 3038 59
3025 3030 21
3034 3060 263
3054 3096 167
3063 3088 75
3086 3099 115
3098 3116 13
3117 3128 157
3136 3163 108
3154 3161 241
3182 3204 288
3200 3218 58
3207 3213 21
3222 3246 229
3240 3246 26
3263 3290 197
3292 3303 203
3300 3348 48
3301 3333 130
3305 3335 299
3326 3327 164
3339 3376 44
3366 3383 58
3395 3408 227
3399 3418 145
3404 3434 169
3421 3466 212
3431 3450 89
3457 3506 104
3478 3516 188
3490 3531 256
3519 3539 233
3544 3550 128
3557 3575 28
3573 3591 279
3584 3601 20
3594 3644 112
3599 3649 42
3622 3633 90
3649 3675 91
3650 3669 4
3664 3679 78
3665 3712 6
3668 3692 201
3684 3711 28
3698 3734 8
3727 3773 123
3739 3759 239
3769 3813 272
3788 3799 65
3813 3859 91
3837 3869 5
3852 3900 208
3857 3893 253
3876 3886 142
3904 3942 288
3913 3916 212
3919 3941 77
3945 3989 238
3962 4001 168
3977 4008 58
3999 4041 186
4015 4026 290
4017 4026 61
4029 4044 105
4035 4052 225
4037 4084 45
4039 4079 147
4055 4066 238
4066 4079 143
4077 4102 219
4085 4123 174
4108 4109 63
4110 4130 261
4139 4153 235
4151 4198 120
4159 4166 98
4177 4207 293
4188 4192 178
4208 4215 147
4220 4256 225
4244 4285 119
4272 4293 54
4297 4327 32
4326 4339 129
4330 4378 260
4333 4339 233
4344 4347 104
4373 4397 65
4385 4394 243
4387 4404 131
4405 4434 54
4414 4437 212
4415 4420 29
4439 4469 25
4448 4452 84
4470 4505 82
4496 4504 6
4507 4528 279
4517 4552 172
4517 4532 242
4538 4563 150
4545 4567 270
4564 4607 191
4573 4586 228
4596 4599 190
4597 4600 41
4620 4655 294
4626 4628 292
4656 4661 91
4670 4698 61
4686 4704 196
4716 4722 49
4734 4742 257
4737 4767 191
4739 4786 270
4752 4780 63
4763 4798 83
4793 4817 225
4807 4808 228
4834 4844 256
4849 4869 89
4875 4899 27
4887 4915 35
4899 4904 253
4912 4914 62
4928 4970 207
4930 4942 15
4950 4960 218
4965 5010 72
4988 5034 78
5014 5032 163
5020 5046 99
5046 5074 193
5052 5098 43
5074 5116 42
5102 5137 30
5128 5178 216
5153 5198 216
5176 5180 200
5186 5223 231
5193 5194 204
5222 5225 285
5222 5247 180
5222 5237 14
5249 5260 107
5253 5268 262
5274 5296 18
5276 5319 109
5279 5310 32
5284 5312 205
5305 5327 158
5331 5374 262
5344 5363 110
5363 5386 66
5363 5385 252
5389 5438 35
5389 5405 154
5408 5428 171
5412 5429 285
5442 5486 281
5450 5485 196
5459 5473 70
5474 5489 266
5476 5525 281
5500 5506 178
5525 5572 135
5544 5573 151
5562 5611 206
5567 5596 244
5567 5593 216
5593 5643 297
5601 5618 245
5608 5637 176
5611 5645 150
5631 5653 183
5646 5651 277
5655 5697 62
5666 5700 196
5674 5714 250
5700 5749 64
5713 5759 163
5735 5752 218
5757 5776 209
5782 5794 104
5801 5849 132
5814 5836 16
5834 5882 94
5852 5899 185
5855 5881 193
5866 5881 147
5893 5928 98
5918 5959 83
5935 5945 115
5953 5967 46
5966 5980 274
5995 6008 115
6025 6040 25
6046 6052 163
6071 6075 153
6089 6129 226
6093 6112 72
6111 6127 270
6138 6180 20
6149 6163 133
6177 6206 6
6202 6213 299
6227 6252 240
6231 6270 193
6241 6280 227
6262 6292 206
6267 6278 125
6292 6310 125
6300 6334 165
6310 6327 49
6313 6362 16
6314 6316 205
6344 6369 4
6374 6409 151
6384 6427 85
6384 6390 156
6409 6437 82
6427 6439 172
6451 6489 109
6479 6523 238
6486 6493 54
6496 6503 231
6515 6550 60
6523 6569 6
6534 6560 257
6537 6564 108
6563 6576 241
6589 6599 144
6605 6630 242
6626 6664 154
6629 6676 152
6640 6674 57
6648 6652 200
6669 6716 228
6683 6684 258
6685 6715 78
6706 6754 57
6715 6755 242
6740 6769 29
6751 6760 271
6765 6780 228
6792 6816 48
6792 6828 115
6820 6832 203
6845 6884 160
6847 6854 121
6856 6893 236
6858 6862 230
6882 6927 276
6886 6890 156
6898 6936 16
6928 6965 272
6930 6947 149
6932 6981 283
6934 6954 279
6963 6970 294
6981 7027 210
6995 7008 78
7021 7059 193
7036 7073 49
7061 7108 297
7068 7086 35
7092 7130 69
7122 7150 189
7130 7146 65
7148 7186 170
7161 7205 260
7190 7197 35
7213 7226 18
7234 7274 236
7256 7278 167
7262 7299 84
7262 7282 281
7284 7317 49
7300 7348 64
7324 7363 217
7325 7373 169
7329 7340 15
7330 7346 218
7342 7352 209
7353 7402 70
7370 7372 262
7377 7414 295
7385 7391 126
7406 7448 54
7430 7456 29
7440 7447 52
7459 7492 199
7489 7528 191
7507 7532 259
7520 7535 121
7534 7558 241
7563 7606 21
7564 7600 245
7569 7589 220
7575 7588 257
7592 7593 236
7592 7599 180
7593 7631 79
7621 7654 71
7646 7663 209
7655 7682 49
7671 7701 153
7694 7713 71
7707 7748 282
7732 7767 114
7743 7765 95
7773 7808 40
7781 7814 140
7809 7851 53
7825 7870 274
7848 7885 56
7870 7881 46
7874 7919 121
7884 7923 285
7911 7943 221
7938 7942 32
7938 7975 196
7955 7968 41
7966 7970 67
7968 8017 237
7979 8029 248
8000 8025 241
8002 8009 117
8013 8058 272
8038 8061 174
8039 8077 65
8043 8077 107
8070 8098 16
8074 8118 19
8103 8134 261
8119 8168 115
8137 8177 105
8146 8184 117
8148 8176 271
8165 8215 198
8172 8190 207
8172 8181 47
8200 8238 166
8215 8242 72
8231 8243 124
8257 8295 225
8267 8270 258
8268 8287 8
8289 8322 111
8294 8299 226
8314 8325 205
8335 8370 34
8340 8349 6
8360 8378 157
8379 8417 85
8389 8396 145
8405 8444 142
8424 8436 284
8434 8436 271
8450 8462 82
8470 8502 105
8481 8499 98
8497 8522 94
8518 8530 290
8519 8546 288
8548 8597 147
8558 8560 198
8582 8593 235
8589 8598 157
8609 8619 260
8628 8659 136
8637 8665 135
8659 8675 120
8672 8678 252
8698 8718 230
8705 8711 208
8711 8754 213
8713 8750 268
8720 8722 282
8731 8744 7
8756 8789 220
8763 8790 241
8779 8826 57
8794 8795 229
8814 8845 147
8826 8836 284
8844 8861 45
8871 8915 172
8888 8905 5
8898 8938 102
8900 8907 219
8927 8976 46
8944 8980 205
8956 8963 106
8979 9021 234
9001 9019 277
9022 9056 37
9042 9047 202
9052 9074 8
9081 9128 19
9084 9086 165
9114 9132 44
9117 9124 92
9145 9162 259
9165 9215 151
9188 9233 32
9193 9215 144
9210 9216 278
9221 9250 137
9245 9249 207
9249 9276 73
9258 9297 16
9280 9290 101
9310 9344 160
9336 9337 50
9339 9385 92
9364 9368 226
9386 9432 220
9406 9414 26
9428 9447 270
9431 9474 259
9442 9465 238
9472 9515 217
9485 9495 76
9495 9501 247
9503 9548 288
9532 9536 64
9552 9555 107
9562 9564 151
9574 9576 291
9597 9599 69
9601 9628 212
9607 9639 296
9635 9652 231
9638 9640 262
9656 9658 252
9656 9660 238
9672 9684 115
9676 9709 219
9685 9728 217
9709 9730 158
9711 9715 272
9711 9733 88
9713 9728 275
9735 9772 188
9761 9771 203
9785 9815 5
9806 9838 94
9829 9864 90
9849 9864 221
9856 9861 130
9870 9913 187
9898 9916 120
9924 9952 102
9924 9956 144
9945 9995 296
9951 9955 43
9970 10008 137
9970 9994 154
9986 10009 63
10005 10038 300
10009 10033 60
10015 10052 180
10033 10062 102
10047 10069 294
10067 10097 155
10095 10109 184
10107 10149 278
10133 10143 126
10160 10176 71
10160 10175 226
10174 10203 43
10203 10248 89
10207 10222 62
10219 10234 140
10219 10241 258
10232 10274 43
10256 10287 193
10270 10274 74
10287 10326 250
10289 10311 237
10290 10329 272
10320 10349 35
10343 10351 5
10353 10364 269
10369 10381 59
10390 10428 121
10404 10405 22
10422 10449 297
10438 10441 159
10464 10498 263
10475 10510 214
10493 10499 3
10515 10538 1
10535 10536 141
10536 10548 21
10554 10588 30
10581 10631 242
10608 10614 187
10612 10644 217
10616 10656 181
10621 10668 215
10630 10649 237
10648 10680 108
10658 10659 295
10676 10681 262
10677 10713 50
10702 10728 2
10714 10755 258
10722 10739 42
10726 10773 139
10747 10777 55
10768 10794 135
10778 10828 74
10802 10814 4
10826 10843 94
10851 10870 182
10868 10884 170
10874 10905 21
10897 10901 139
10921 10967 152
10928 10970 68
10930 10938 296
10935 10955 229
10959 10992 73
10964 10967 284
10985 11014 114
11004 11019 252
11016 11064 291
11017 11036 251
11041 11079 51
11069 11110 258
11082 11100 275
11085 11108 70
11110 11142 185
11130 11161 33
11131 11160 143
11133 11183 61
11154 11202 290
11183 11189 216
11212 11251 155
11217 11248 145
11240 11280 98
11270 11285 68
11291 11332 70
11298 11340 74
11303 11312 234
11322 11325 225
11338 11363 44
11347 11383 228
11350 11365 105
11355 11393 139
11371 11406 85
11391 11402 52
11393 11434 224
11415 11427 189
11437 11474 22
11462 11472 208
11462 11503 19
11471 11479 284
11477 11504 72
11494 11529 155
11519 11552 18
11544 11567 212
11562 11590 140
11592 11631 295
11605 11651 165
11605 11639 128
11634 11652 174
11661 11690 105
11688 11736 80
11715 11723 54
11737 11785 45
11756 11791 206
11774 11807 213
11776 11818 254
11806 11816 56
11814 11837 93
11842 11868 8
11855 11866 206
11882 11913 230
11906 11914 63
11917 11923 123
11922 11937 255
11945 11973 300
11948 11996 174
11956 11959 226
11985 12031 134
12006 12017 277
12033 12055 143
12036 12078 122
12053 12057 45
12059 12084 20
12065 12071 257
12079 12082 100
12108 12124 218
12114 12145 41
12124 12143 284
12131 12146 201
12157 12186 29
12174 12219 114
12195 12228 37
12195 12201 205
12225 12264 32
12235 12264 214
12263 12290 160
12290 12316 38
12299 12342 293
12299 12328 272
12305 12346 49
12323 12358 151
12340 12343 137
12370 12372 108
12398 12402 18
12409 12438 281
12431 12463 30
12449 12497 186
12459 12507 60
12481 12492 212
12488 12511 133
12492 12500 24
12493 12515 257
12510 12534 80
12535 12578 71
12535 12561 38
12563 12595 99
12588 12590 180
12616 12621 181
12639 12661 293
12665 12712 198
12665 12702 44
12686 12707 214
12687 12701 129
12703 12718 58
12733 12758 204
12754 12766 252
12761 12796 162
12786 12828 116
12800 12850 116
12820 12848 235
12831 12879 156
12842 12885 1
12864 12898 145
12867 12889 190
12879 12913 300
12892 12894 147
12909 12946 32
12924 12944 41
12953 12977 250
12970 12987 27
12998 13000 73
13005 13015 139
13013 13052 105
13034 13053 41
13048 13066 189
13048 13090 213
13076 13109 264
13086 13123 226
13100 13133 15
13117 13156 26
13130 13151 4
13131 13145 184
13133 13175 247
13146 13160 158
13156 13181 2
13171 13220 190
13185 13188 239
13194 13196 15
13197 13243 55
13202 13204 64
13227 13247 34
13253 13274 298
13255 13305 108
13260 13297 284
13285 13301 154
13311 13359 79
13333 13369 238
13344 13348 23
13358 13366 164
13370 13415 86
13387 13437 9
13388 13404 290
13412 13421 1
13434 13453 25
13451 13488 134
13451 13484 243
13466 13488 130
13467 13469 106
13474 13517 89
13486 13535 70
13499 13537 257
13518 13550 255
13523 13531 90
13539 13587 42
13551 13568 228
13573 13574 133
13582 13594 69
13587 13609 149
13599 13613 201
13605 13643 130
13607 13644 216
13622 13632 110
13635 13650 61
13660 13676 196
13669 13674 292
13687 13724 75
13707 13713 177
13724 13750 15
13747 13759 284
13748 13753 274
13752 13772 228
13775 13797 143
13793 13838 26
13817 13851 170
13827 13858 165
13857 13896 129
13875 13895 73
13905 13934 68
13919 13938 270
13932 13946 162
13950 13998 74
13980 14008 261
13991 13997 35
14009 14033 260
14016 14017 93
14036 14067 114
14058 14088 18
14080 14109 161
14081 14114 165
14097 14115 106
14099 14106 41
14105 14137 296
14129 14148 180
14146 14175 178
14168 14208 143
14171 14207 118
14194 14215 244
14203 14212 147
14230 14235 246
14259 14279 165
14271 14297 20
14283 14317 159
14285 14295 210
14287 14311 48
14309 14334 234
14313 14359 291
14339 14344 221
14339 14383 116
14362 14365 191
14390 14393 148
14404 14408 270
14407 14440 16
14432 14473 130
14446 14486 193
14469 14506 87
14478 14505 132
14499 14528 251
14520 14525 106
14526 14556 166
14552 14576 33
14554 14592 2
14560 14572 68
14568 14616 53
14598 14599 162
14613 14626 12
14630 14646 45
14657 14674 98
14683 14718 39
14697 14737 118
14701 14712 21
14722 14766 91
14737 14755 15
14749 14791 145
14750 14770 250
14757 14773 128
14785 14826 137
14815 14838 256
14834 14849 35
14840 14845 72
14870 14902 135
14871 14920 12
14889 14902 175
14914 14937 138
14929 14958 14
14933 14968 260
14945 14951 208
14971 14992 182
14975 14996 300
14982 14987 211
14995 15005 27
15003 15017 164
15009 15057 70
15024 15066 15
15052 15102 291
15080 15105 14
15088 15136 197
15094 15106 27
15116 15149 191
15140 15184 125
15168 15170 112
15178 15209 121
15195 15225 92
15211 15243 238
15228 15243 257
15251 15296 4
15263 15300 205
15269 15308 250
15285 15326 20
15292 15339 181
15322 15324 273
15349 15380 80
15355 15387 269
15381 15404 271
15391 15429 227
15408 15413 270
15410 15439 278
15417 15432 253
15421 15446 119
15421 15445 79
15427 15441 224
15439 15474 121
15447 15496 218
15473 15479 34
15488 15498 265
15501 15530 6
15513 15522 140
15522 15526 63
15541 15584 250
15556 15565 298
15585 15600 32
15592 15604 114
15595 15642 14
15598 15620 220
15603 15647 246
15612 15634 211
15641 15675 164
15657 15704 25
15667 15685 88
15678 15715 234
15681 15724 11
15691 15740 85
15711 15712 92
15729 15770 31
15730 15760 234
15760 15770 8
15764 15776 124
15775 15822 218
15793 15830 158
15798 15828 291
15818 15828 295
15834 15865 187
15845 15852 287
15846 15860 132
15853 15860 129
15868 15892 264
15869 15874 107
15876 15917 166
15890 15931 95
15920 15963 118
15924 15958 160
15940 15964 230
15954 15990 59
15956 16001 259
15956 16004 144
15963 15985 118
15967 15971 136
15981 16003 255
15997 16036 17
16008 16027 203
16030 16033 151
16040 16078 84
16052 16061 125
16076 16094 187
16096 16108 146
16114 16118 159
16138 16151 219
16154 16172 22
16167 16169 246
16194 16239 23
16210 16247 181
16221 16248 31
16223 16240 118
16246 16264 189
16248 16254 126
16249 16294 58
16265 16271 186
16281 16285 189
16299 16344 181
16312 16354 264
16334 16361 246
16336 16354 267
16355 16403 268
16370 16416 136
16373 16383 111
16377 16423 74
16404 16427 265
16410 16411 247
16439 16441 146
16447 16490 189
16456 16470 280
16456 16460 280
16480 16506 269
16509 16532 81
16518 16524 254
16542 16558 108
16552 16554 244
16577 16585 1
16591 16592 19
16621 16629 293
16629 16667 268
16639 16657 258
16656 16690 200
16685 16687 190
16704 16725 110
16722 16740 102
16729 16745 180
16734 16768 52
16763 16785 21
16784 16810 152
16792 16832 211
16810 16825 290
16816 16825 192
16833 16883 12
16846 16888 172
16856 16896 155
16868 16911 28
16895 16907 140
16896 16913 285
16904 16923 225
16907 16953 82
16910 16923 257
16912 16955 22
16934 16957 64
16963 16987 133
16992 17012 69
16994 17014 169
17008 17042 232
17021 17063 2
17043 17083 49
17056 17066 187
17083 17133 98
17084 17125 265
17103 17106 208
17104 17117 198
17110 17130 33
17123 17168 119
17151 17174 68
17157 17198 110
17160 17180 35
17188 17204 219
17206 17214 254
17234 17236 240
17246 17290 226
17266 17292 172
17292 17336 267
17294 17332 23
17324 17368 171
17329 17371 6
17347 17369 287
17350 17394 115
17356 17365 96
17362 17389 59
17367 17381 46
17393 17436 99
17414 17444 62
17433 17471 119
17445 17479 41
17451 17470 138
17470 17494 116
17494 17537 185
17520 17527 146
17534 17584 52
17559 17599 73
17576 17602 198
17598 17639 207
17604 17652 263
17615 17645 264
17617 17638 70
17631 17632 155
17650 17677 298
17657 17697 230
17675 17692 28
17683 17697 213
17704 17714 295
17714 17751 255
17716 17731 159
17721 17771 36
17729 17764 45
17738 17746 261
17752 17772 209
17752 17753 247
17766 17774 52
17780 17809 272
17788 17810 139
17790 17820 150
17790 17812 247
17810 17840 298
17810 17811 30
17830 17866 25
17851 17875 212
17857 17861 89
17875 17892 111
17890 17932 160
17897 17918 246
17903 17911 255
17906 17911 156
17929 17935 10
17953 17981 259
17980 18028 228
17982 18013 214
18003 18005 135
18016 18031 286
18030 18074 267
18060 18075 238
18073 18109 255
18102 18138 182
18125 18166 88
18152 18164 230
18165 18181 250
18182 18193 22
18186 18209 182
18216 18264 154
18223 18238 82
18253 18263 268
18257 18270 5
18275 18284 238
18292 18327 174
18301 18325 87
18308 18348 214
18313 18357 128
18341 18368 254
18342 18373 28
18366 18369 265
18385 18421 71
18409 18439 290
18425 18468 241
18446 18482 189
18449 18485 51
18450 18464 281
18451 18470 29
18462 18485 43
18467 18471 73
18475 18524 173
18486 18509 60
18491 18535 269
18497 18547 221
18518 18554 165
18527 18575 106
18537 18538 73
18547 18587 13
18565 18611 262
18579 18614 270
18602 18632 129
18630 18657 117
18659 18666 223
18665 18687 237
18692 18739 84
18693 18697 273
18718 18754 162
18734 18746 11
18757 18781 18
18769 18777 174
18789 18808 15
18793 18812 166
18798 18811 148
18811 18853 132
18834 18839 102
18851 18885 157
18861 18893 261
18861 18868 262
18873 18876 170
18896 18918 96
18923 18973 197
18929 18949 4
18944 18980 149
18967 19013 249
18983 19032 179
19009 19020 9
19037 19046 136
19044 19065 123
19050 19100 209
19060 19108 69
19062 19106 54
19082 19114 52
19105 19136 15
19105 19129 105
19110 19111 170
19137 19154 36
19143 19189 2
19154 19165 11
19174 19199 249
19175 19202 267
19187 19226 182
19200 19241 149
19225 19270 261
19253 19290 26
19268 19311 45
19268 19293 27
19289 19307 212
19291 19338 181
19296 19339 18
19326 19342 180
19352 19400 270
19360 19394 265
19363 19385 113
19390 19402 300
19402 19432 57
19410 19442 162
19434 19438 161
19454 19484 102
19470 19503 30
19483 19491 62
19493 19507 112
19497 19510 80
19502 19518 45
19511 19522 200
19537 19584 153
19554 19583 271
19580 19611 96
19589 19634 225
19590 19598 238
19591 19622 211
19621 19634 265
19644 19657 146
19650 19691 13
19668 19706 206
19675 19698 99
19675 19715 90
19680 19701 190
19705 19754 52
19726 19771 232
19731 19750 164
19744 19759 244
19749 19760 119
19749 19782 223
19762 19772 26
19778 19807 163
19796 19799 275
19805 19852 38
19825 19853 112
19841 19864 34
19850 19856 288
19866 19870 138
19892 19900 1
19908 19935 96
19913 19944 228
19940 19949 48
19962 19991 26
19965 19993 59
19969 20011 45
19973 19982 223
19997 20002 58
19999 20006 216
20006 20017 178
20027 20047 239
20053 20101 260
20062 20085 246
20063 20087 101
20071 20093 156
20082 20123 80
20110 20132 257
20111 20149 27
20138 20175 2
20152 20185 6
20167 20202 204
20177 20204 188
20184 20218 61
20199 20206 156
20225 20273 22
20231 20272 275
20254 20261 187
20261 20276 43
20270 20304 139
20279 20304 212
20295 20299 220
20307 20328 143
20313 20339 93
20333 20336 194
20347 20371 245
20361 20378 82
20361 20380 204
20373 20381 142
20400 20432 64
20424 20447 48
20449 20450 169
20451 20464 249
20473 20487 239
20492 20541 55
20517 20543 272
20538 20566 43
20566 20601 53
20591 20597 126
20594 20610 24
20618 20661 219
20623 20661 234
20644 20668 78
20650 20699 233
20674 20699 11
20681 20694 226
20687 20711 126
20706 20714 151
20735 20764 11
20742 20778 284
20770 20792 54
20779 20783 264
20799 20820 165
20823 20855 143
20830 20841 89
20848 20864 48
20863 20877 70
20872 20912 298
20902 20952 88
20932 20942 98
20953 20978 238
20958 20974 228
20977 20987 115
20992 21004 276
20992 21020 218
21017 21023 232
21018 21054 145
21024 21025 145
21024 21049 43
21040 21057 142
21043 21074 23
21054 21080 34
21058 21088 286
21068 21100 220
21069 21076 273
21072 21082 138
21079 21096 235
21089 21139 83
21104 21143 287
21128 21160 189
21152 21167 20
21167 21198 169
21186 21235 21
21196 21246 149
21211 21259 230
21216 21230 29
21228 21244 247
21235 21284 26
21239 21251 114
21243 21290 203
21270 21274 277
21283 21285 227
21291 21331 64
21298 21331 256
21325 21355 116
21348 21367 179
21372 21386 238
21400 21405 35
21408 21437 92
21436 21470 94
21439 21451 73
21442 21492 180
21459 21494 293
21474 21513 243
21476 21504 90
21493 21497 11
21505 21519 191
21511 21513 98
21536 21555 133
21539 21584 9
21551 21590 290
21571 21610 187
21574 21596 235
21604 21606 47
21632 21652 91
21656 21680 194
21685 21728 68
21700 21734 137
21716 21755 120
21739 21754 166
21755 21761 14
21785 21820 61
21795 21839 18
21820 21841 162
21847 21874 40
21855 21891 29
21879 21905 227
21909 21955 275
21912 21950 149
21938 21987 93
21959 22007 250
21987 22012 256
21988 22024 242
22009 22039 195
22030 22036 183
22046 22081 295
22069 22094 178
22097 22102 146
22116 22159 262
22130 22133 183
22150 22196 75
22169 22206 238
22177 22214 27
22199 22237 72
22228 22239 59
22242 22283 116
22269 22313 96
22285 22300 254
22312 22319 297
22340 22390 16
22357 22359 191
22385 22394 111
22399 22421 10
22426 22438 117
22436 22460 146
22452 22488 234
22470 22499 2
22474 22501 112
22474 22489 176
22487 22535 28
22499 22538 48
22501 22503 228
22528 22561 33
22528 22535 263
22556 22563 141
22580 22626 205
22603 22608 28
22616 22659 174
22618 22655 3
22634 22660 165
22642 22692 289
22650 22652 288
22669 22677 37
22699 22748 243
22720 22760 36
22729 22748 103
22753 22789 46
22765 22774 113
22773 22816 100
22803 22812 160
22807 22817 261
22811 22841 160
22815 22819 171
22824 22847 39
22839 22865 259
22856 22881 207
22861 22885 168
22878 22890 7
22894 22896 247
22917 22928 58
22930 22977 140
22938 22944 283
22952 22982 276
22959 22973 180
22988 23018 285
23003 23038 217
23013 23049 103
23023 23067 144
23035 23077 125
23056 23068 294
23070 23085 111
23081 23091 140
23104 23131 172
23131 23166 87
23152 23178 42
23178 23192 187
23193 23211 249
23212 23230 116
23233 23263 246
23254 23303 34
23271 23290 71
23286 23332 247
23292 23319 174
23317 23345 164
23330 23358 11
23350 23390 165
23365 23386 23
23380 23427 64
23407 23433 40
23434 23463 206
23441 23449 29
23460 23495 241
23470 23508 120
23494 23544 273
23522 23524 128
23551 23580 51
23559 23567 52
23583 23626 47
23597 23601 160
23627 23674 23
23635 23659 232
23639 23651 213
23654 23684 126
23676 23707 194
23705 23717 175
23718 23733 220
23738 23780 234
23752 23769 65
23768 23779 146
23798 23820 112
23805 23832 4
23830 23855 127
23856 23865 15
23885 23902 209
23903 23911 21
23931 23939 226
23939 23986 26
23942 23974 257
23950 23955 152
23955 23998 226
23974 24020 257
23996 24006 42
23997 24012 127
24002 24009 173
24009 24039 99
24016 24045 97
24018 24025 295
24039 24041 295
24050 24092 38
24080 24094 29
24110 24144 179
24115 24145 298
24138 24177 27
24165 24186 109
24176 24191 68
24182 24225 278
24187 24220 100
24217 24261 281
24223 24257 105
24236 24285 153
24265 24285 203
24268 24274 281
24270 24279 66
24291 24301 128
24316 24349 18
24334 24346 109
24339 24372 235
24346 24360 210
24358 24399 270
24363 24405 176
24365 24366 168
24378 24402 24
24394 24425 274
24406 24420 285
24426 24459 234
24439 24482 279
24457 24500 173
24474 24478 252
24493 24538 89
24496 24519 135
24508 24526 214
24520 24547 202
24539 24575 109
24548 24589 296
24549 24586 34
24571 24592 176
24586 24605 204
24600 24635 107
24608 24617 28
24628 24666 86
24636 24651 9
24657 24702 127
24685 24706 244
24701 24710 108
24720 24753 172
24727 24740 151
24745 24779 91
24771 24775 195
24799 24830 21
24819 24833 229
24824 24869 119
24854 24882 203
24866 24905 30
24893 24902 65
24914 24917 173
24914 24934 111
24926 24941 127
24926 24964 155
24935 24960 177
24955 24998 201
24981 24998 188
24984 25027 139
24991 25009 266
25012 25023 31
25024 25054 258
25033 25042 30
25033 25066 182
25045 25094 116
25059 25084 68
25081 25105 68
25108 25142 77
25121 25165 285
25141 25176 213
25150 25197 192
25156 25171 165
25164 25174 249
25189 25204 94
25189 25204 25
25204 25239 224
25218 25228 21
25222 25231 293
25237 25278 263
25261 25295 295
25287 25301 247
25309 25335 149
25336 25372 82
25365 25392 135
25385 25433 65
25404 25414 29
25430 25461 130
25446 25486 119
25446 25491 212
25465 25480 149
25492 25526 46
25517 25521 56
25539 25586 122
25564 25585 94
25579 25588 243
25590 25615 204
25591 25633 200
25604 25611 170
25625 25626 283
25650 25690 137
25674 25709 18
25702 25714 101
25725 25752 155
25749 25788 58
25765 25775 32
25782 25808 56
25787 25823 104
25814 25844 140
25820 25842 215
25831 25856 2
25853 25873 218
25857 25885 230
25876 25922 160
25901 25944 51
25917 25942 192
25918 25940 222
25936 25967 259
25960 25970 250
25985 26034 12
26006 26007 211
26023 26026 221
26043 26076 231
26062 26112 106
26069 26078 105
26071 26097 97
26073 26082 90
26085 26134 219
26092 26106 300
26116 26163 34
26136 26169 122
26160 26162 267
26176 26213 200
26201 26237 257
26227 26241 110
26227 26254 122
26243 26261 208
26268 26298 194
26278 26327 42
26278 26315 91
26286 26310 17
26293 26332 40
26297 26347 236
26324 26368 123
26348 26396 260
26354 26371 46
26378 26426 203
26402 26443 8
26411 26434 27
26428 26450 103
26439 26454 145
26450 26471 273
26457 26477 222
26472 26517 32
26477 26509 226
26504 26533 258
26525 26554 85
26535 26556 136
26558 26597 196
26573 26618 179
26577 26594 174
26580 26614 15
26605 26608 138
26635 26638 257
26658 26708 195
26673 26694 86
26698 26733 252
26710 26735 167
26710 26733 43
26739 26741 183
26760 26766 208
26777 26812 191
26780 26803 189
26810 26832 167
26820 26864 266
26842 26874 181
26852 26884 237
26881 26915 268
26885 26920 126
26912 26951 242
26920 26964 272
26930 26972 54
26956 26985 120
26973 26995 273
26987 27026 243
27014 27026 50
27015 27028 265
27040 27061 183
27052 27065 265
27064 27081 45
27076 27124 239
27100 27126 76
27125 27129 102
27136 27182 225
27149 27160 127
27162 27172 34
27186 27221 48
27197 27211 22
27213 27249 40
27214 27218 242
27243 27281 177
27267 27291 192
27269 27309 166
27281 27307 208
27283 27300 190
27292 27323 47
27311 27343 128
27332 27368 167
27337 27350 249
27352 27378 243
27367 27371 208
27379 27413 179
27402 27436 149
27410 27437 217
27418 27452 273
27424 27435 2
27429 27443 8
27447 27486 256
27463 27506 102
27464 27472 207
27473 27512 225
27476 27502 63
27486 27507 4
27497 27534 259
27515 27543 161
27543 27576 200
27548 27578 89
27575 27603 9
27579 27612 114
27602 27634 220
27624 27665 153
27629 27675 272
27629 27632 297
27632 27665 164
27659 27688 93
27682 27699 256
27705 27751 47
27705 27754 41
27717 27763 154
27740 27773 234
27750 27754 96
27769 27781 257
27782 27821 195
27794 27806 224
27811 27851 79
27833 27844 186
27863 27868 214
27884 27904 7
27912 27958 222
27939 27973 213
27968 27973 152
27995 28030 64
28009 28052 71
28033 28071 161
28057 28066 157
28077 28085 203
28092 28112 13
28107 28146 133
28135 28177 290
28154 28195 112
28173 28195 42
28199 28218 293
28228 28230 179
28246 28249 299
28263 28306 155
28269 28284 203
28271 28299 287
28290 28338 201
28290 28309 182
28300 28325 242
28318 28339 56
28332 28370 3
28348 28376 13
28368 28411 226
28398 28419 195
28401 28450 23
28403 28418 48
28410 28438 33
28423 28465 12
28453 28459 156
28457 28499 165
28483 28503 60
28495 28539 78
28504 28540 117
28523 28537 120
28532 28560 11
28562 28580 115
28570 28571 142
28599 28634 112
28602 28616 165
28612 28651 178
28638 28660 21
28652 28671 89
28669 28712 219
28688 28698 51
28710 28734 202
28728 28751 220
28732 28759 291
28760 28790 234
28767 28799 145
28794 28822 50
28823 28848 19
28847 28856 108
28859 28907 138
28880 28920 259
28903 28909 136
28908 28957 176
28918 28928 25
28919 28922 264
28935 28979 76
28942 28969 162
28950 28997 10
28957 28989 145
28969 28987 152
28969 29004 223
28992 29023 257
28994 29005 282
28999 29036 235
29013 29028 78
29036 29055 161
29057 29065 105
29063 29081 132
29066 29073 96
29095 29129 259
29122 29168 61
29128 29171 217
29129 29130 116
29132 29168 100
29134 29154 5
29158 29200 124
29184 29223 84
29205 29209 83
29221 29237 266
29227 29228 155
29239 29283 108
29252 29280 73
29278 29317 105
29308 29320 198
29331 29338 76
29349 29351 237
29350 29378 281
29363 29406 147
29390 29435 248
29420 29439 16
29432 29480 104
29461 29474 30
29478 29507 158
29498 29522 16
29503 29513 58
29529 29576 98
29535 29545 202
29553 29595 177
29560 29565 168
29587 29633 87
29601 29603 111
29625 29634 206
29650 29692 24
29664 29683 180
29679 29729 270
29707 29725 5
29717 29734 79
29726 29741 68
29732 29733 219
29742 29771 153
29743 29775 296
29761 29799 78
29762 29810 108
29790 29807 125
29816 29842 190
29835 29884 284
29839 29856 162
29854 29860 42
29854 29855 236
29857 29896 116
29865 29882 67
29870 29892 47
29879 29926 127
29891 29938 259
29897 29911 172
29897 29940 247
29919 29955 195
29924 29968 114
29953 29966 43
29955 30005 39
29961 29991 219
29974 29983 225
29987 30008 149
30016 30039 170
30025 30064 71
30036 30082 144
30042 30061 214
30066 30073 109
30072 30098 165
30099 30111 104
30105 30137 139
30109 30123 147
30138 30168 117
30168 30188 268
30187 30188 95
30208 30240 68
30216 30265 46
30238 30267 3
30267 30302 42
30280 30310 268
30295 30323 72
30297 30307 72
30317 30332 7
30342 30389 43
30354 30384 184
30355 30367 172
30356 30366 196
30373 30399 103
30375 30421 23
30385 30418 24
30396 30423 12
30406 30408 2
30420 30435 142
30440 30474 282
30466 30492 128
30494 30544 79
30500 30526 281
30512 30558 109
30522 30554 73
30531 30553 157
30554 30560 254
30573 30599 29
30600 30641 31
30621 30661 3
30627 30664 175
30637 30676 222
30659 30697 151
30677 30696 145
30683 30686 37
30707 30749 232
30730 30755 276
30740 30748 6
30762 30774 297
30778 30784 300
30804 30818 295
30827 30837 221
30841 30865 10
30868 30907 58
30869 30905 208
30879 30919 86
30881 30892 21
30903 30913 118
30912 30920 76
30921 30950 253
30924 30962 158
30934 30952 56
30947 30992 185
30972 31013 207
30973 30980 211
30983 31005 108
31000 31019 277
31027 31037 43
31029 31065 62
31039 31043 23
31059 31081 55
31070 31089 152
31075 31086 107
31077 31116 7
31086 31100 105
31107 31137 161
31124 31153 262
31147 31178 227
31154 31158 252
31156 31157 274
31185 31187 140
31204 31251 41
31218 31245 196
31240 31289 204
31250 31292 54
31257 31282 238
31272 31316 205
31277 31327 126
31280 31308 99
31299 31348 25
31316 31355 31
31330 31336 133
31359 31368 152
31383 31400 17
31403 31422 45
31427 31431 117
31441 31461 292
31463 31495 241
31478 31493 98
31501 31509 164
31528 31541 241
31530 31569 104
31535 31576 150
31542 31575 31
31547 31588 144
31560 31598 59
31583 31628 198
31605 31628 50
31619 31659 96
31625 31648 269
31654 31659 48
31684 31731 67
31705 31742 116
31720 31747 245
31720 31740 296
31745 31787 233
31749 31774 89
31772 31780 295
31781 31798 23
31797 31808 140
31809 31843 203
31839 31846 14
31868 31912 225
31873 31918 119
31901 31937 47
31908 31942 170
31926 31936 12
31936 31956 123
31939 31962 119
31950 31960 167
31951 31995 176
31974 32001 68
31992 31999 197
31996 32031 106
32013 32055 144
32037 32072 166
32066 32077 52
32077 32085 106
32107 32151 73
32122 32139 153
32124 32152 126
32144 32191 106
32165 32210 280
32168 32184 67
32190 32201 14
32192 32241 88
32198 32203 177
32206 32232 243
32216 32232 268
32244 32257 266
32274 32287 238
32281 32310 163
32300 32327 94
32330 32379 244
32338 32349 242
32341 32364 166
32371 32396 36
32372 32419 180
32389 32407 235
32401 32442 255
32410 32431 184
32439 32455 174
32469 32482 171
32490 32527 86
32504 32523 98
32509 32512 128
32512 32538 48
32538 32544 91
32546 32576 259
32548 32595 268
32570 32604 130
32578 32589 59
32594 32638 218
32624 32662 143
32646 32654 144
32675 32699 112
32688 32720 242
32696 32730 2
32705 32713 209
32731 32780 184
32749 32761 98
32759 32772 183
32785 32796 6
32798 32833 193
32821 32848 222
32828 32868 75
32837 32868 195
32853 32895 170
32874 32920 28
32903 32925 106
32913 32950 122
32937 32959 42
32962 33000 265
32982 33008 254
32990 33028 298
33018 33022 33
33029 33034 35
33033 33067 172
33039 33046 49
33046 33088 74
33061 33109 292
33064 33090 40
33066 33113 224
33077 33101 243
33088 33138 184
33090 33130 196
33093 33139 77
33101 33141 37
33123 33155 11
33133 33175 281
33149 33184 100
33155 33197 155
33171 33181 232
33189 33204 281
33196 33240 269
33208 33213 28
33210 33249 32
33216 33218 220
33220 33222 162
33248 33260 193
33255 33299 100
33257 33278 282
33263 33280 238
33279 33308 235
33298 33324 219
33328 33362 116
33352 33380 142
33358 33377 220
33387 33399 149
33407 33418 100
33421 33448 180
33426 33462 148
33441 33482 115
33467 33481 89
33486 33515 130
33513 33556 145
33541 33546 112
33569 33571 175
33574 33586 179
33590 33613 197
33600 33629 133
33619 33621 71
33631 33662 250
33652 33670 155
33658 33684 21
33678 33716 57
33703 33745 163
33721 33726 163
33734 33782 31
33755 33789 289
33765 33794 219
33770 33788 26
33798 33819 153
33815 33829 54
33828 33867 141
33829 33871 273
33846 33866 16
33875 33882 228
33891 33898 56
33910 33957 174
33940 33970 265
33952 33987 135
33975 33988 85
34003 34026 9
34004 34035 224
34011 34022 250
34020 34066 124
34040 34048 266
34055 34101 138
34070 34108 284
34082 34107 156
34085 34093 32
34114 34159 23
34122 34158 152
34135 34144 114
34146 34180 147
34151 34188 252
34174 34216 64
34194 34225 264
34207 34210 245
34227 34258 237
34256 34268 139
34280 34303 292
34288 34309 20
34311 34342 192
34328 34332 267
34336 34376 50
34338 34372 35
34365 34383 3
34384 34415 141
34401 34449 9
34404 34438 40
34419 34451 131
34429 34436 35
34450 34452 137
34455 34470 217
34480 34508 110
34509 34545 241
34521 34538 232
34548 34588 116
34575 34586 60
34600 34626 176
34606 34620 151
34625 34650 175
34632 34659 159
34645 34670 269
34656 34676 6
34666 34710 139
34669 34715 202
34687 34718 174
34695 34712 290
34696 34706 300
34696 34728 100
34696 34724 190
34712 34746 11
34727 34754 206
34752 34761 250
34767 34774 257
34780 34828 88
34784 34831 60
34810 34821 137
34812 34817 269
34815 34833 96
34826 34874 29
34829 34834 107
34833 34856 81
34850 34889 232
34880 34920 89
34887 34925 285
34915 34916 55
34923 34939 98
34953 34987 160
34983 34989 145
35013 35046 167
35027 35061 12
35034 35078 279
35053 35100 241
35066 35107 97
35072 35110 80
35090 35103 219
35108 35132 285
35110 35135 209
35116 35142 108
35118 35150 133
35126 35129 178
35154 35191 115
35165 35177 291
35186 35228 264
35207 35232 106
35226 35232 62
35232 35235 109
35233 35252 149
35246 35276 31
35275 35287 93
35277 35308 230
35282 35286 173
35309 35326 252
35312 35323 82
35327 35360 165
35339 35369 38
35348 35396 263
35351 35381 37
35355 35367 122
35372 35406 129
35401 35447 270
35412 35428 57
35431 35475 183
35435 35470 300
35452 35463 233
35462 35471 94
35488 35511 70
35513 35522 276
35541 35550 290
35554 35590 234
35584 35599 94
35611 35653 153
35616 35660 71
35630 35653 102
35632 35633 35
35655 35694 224
35655 35662 227
35666 35706 128
35671 35688 195
35686 35710 30
35709 35754 261
35709 35721 139
35728 35768 205
35745 35759 270
35766 35767 142
35784 35796 17
35784 35820 253
35789 35816 266
35810 35853 117
35818 35826 139
35836 35884 61
35860 35894 162
35864 35886 157
35875 35883 63
35875 35881 243
35884 35890 97
35889 35920 103
35908 35934 138
35909 35917 253
35939 35967 32
35956 35970 32
35968 36006 224
35973 36008 238
35990 35993 130
36017 36025 121
36030 36060 226
36047 36061 66
36051 36064 71
36054 36059 130
36062 36087 278
36084 36092 186
36095 36115 246
36119 36143 223
36119 36134 127
36124 36171 100
36146 36162 268
36170 36190 58
36177 36216 215
36205 36254 168
36210 36252 228
36232 36278 81
36240 36280 174
36250 36278 141
36267 36275 289
36269 36301 290
36281 36285 269
36286 36316 167
36304 36314 184
36310 36337 121
36324 36335 69
36335 36383 137
36342 36375 252
36346 36365 125
36368 36378 218
36369 36419 230
36384 36417 41
36411 36461 54
36420 36450 152
36439 36460 207
36451 36494 1
36462 36506 271
36467 36514 129
36473 36508 8
36497 36510 231
36507 36527 108
36524 36571 48
36552 36571 36
36575 36615 75
36600 36647 113
36604 36644 214
36612 36645 149
36640 36665 100
36660 36670 192
36677 36725 57
36696 36744 13
36698 36731 197
36721 36754 150
36738 36744 88
36752 36781 194
36766 36775 30
36774 36821 15
36779 36813 276
36803 36821 47
36819 36828 264
36824 36873 179
36840 36885 296
36859 36902 270
36876 36898 287
36894 36899 26
36907 36939 97
36921 36937 71
36942 36945 54
36956 36960 192
36980 37022 89
36984 37034 112
37002 37042 217
37020 37057 244
37038 37082 16
37059 37078 122
37068 37088 107
37083 37122 202
37089 37114 14
37092 37110 287
37120 37169 39
37144 37148 268
37155 37199 199
37172 37190 258
37192 37215 60
37209 37245 279
37234 37237 164
37256 37281 128
37266 37270 60
37271 37278 232
37287 37289 162
37299 37349 61
37308 37323 152
37308 37327 101
37319 37360 35
37322 37369 19
37344 37355 289
37358 37381 105
37364 37378 200
37388 37421 176
37391 37434 22
37419 37453 152
37446 37469 220
37461 37484 54
37473 37485 255
37473 37511 125
37491 37520 210
37500 37521 232
37526 37536 226
37534 37563 229
37545 37574 10
37546 37570 247
37570 37606 83
37594 37632 236
37594 37616 268
37602 37638 196
37604 37652 25
37613 37619 158
37618 37666 81
37634 37673 141
37664 37675 248
37676 37691 50
37704 37736 72
37712 37744 298
37714 37752 247
37741 37753 22
37749 37783 148
37773 37803 136
37787 37823 43
37792 37801 250
37808 37857 51
37818 37854 39
37844 37890 112
37860 37908 266
37883 37914 296
37908 37938 87
37914 37921 43
37938 37956 104
37964 38000 46
37984 38000 228
38011 38015 299
38015 38023 34
38039 38069 116
38056 38097 211
38061 38075 43
38062 38112 244
38070 38107 227
38079 38112 7
38085 38110 71
38110 38117 64
38126 38155 132
38135 38151 25
38141 38170 220
38165 38173 26
38191 38229 140
38204 38218 29
38226 38253 179
38230 38232 152
38245 38285 141
38261 38273 5
38281 38301 286
38283 38304 217
38313 38320 120
38334 38355 109
38334 38366 36
38360 38375 160
38387 38396 154
38401 38447 13
38401 38428 135
38420 38428 78
38438 38462 113
38441 38481 14
38456 38464 281
38458 38478 40
38479 38487 109
38496 38515 108
38519 38526 298
38535 38556 165
38547 38573 78
38566 38592 177
38594 38604 133
38596 38646 57
38602 38651 267
38619 38658 235
38631 38680 100
38645 38649 195
38649 38677 117
38670 38672 66
38694 38702 68
38724 38729 150
38749 38750 20
38752 38765 85
38752 38753 66
38771 38800 29
38800 38850 74
38821 38869 63
38837 38881 75
38850 38891 227
38870 38896 180
38879 38896 268
38899 38944 284
38916 38961 186
38929 38947 292
38956 38971 207
38962 38983 219
38987 39022 192
38989 39028 286
39015 39049 195
39042 39057 126
39069 39083 184
39077 39088 133
39088 39120 116
39114 39124 80
39142 39149 40
39152 39194 216
39157 39173 66
39182 39184 59
39206 39228 224
39219 39237 2
39242 39290 98
39249 39283 170
39271 39300 207
39296 39318 192
39306 39335 268
39323 39324 267
39351 39383 35
39366 39409 186
39377 39406 237
39395 39409 112
39414 39426 166
39415 39439 236
39436 39451 208
39438 39482 37
39459 39463 146
39459 39467 17
39479 39521 200
39492 39499 158
39521 39548 141
39526 39572 133
39531 39540 221
39560 39588 181
39564 39606 163
39583 39585 278
39591 39629 264
39621 39652 22
39630 39650 168
39646 39650 81
39651 39697 48
39673 39700 135
39674 39697 260
39677 39695 201
39686 39706 9
39695 39732 136
39697 39731 96
39709 39711 27
39718 39736 200
39723 39736 100
39736 39781 45
39766 39810 49
39771 39804 124
39777 39789 151
39791 39810 11
39804 39835 29
39824 39860 23
39834 39878 213
39835 39845 237
39849 39865 34
39879 39924 178
39884 39885 200
39906 39911 277
39921 39927 138
39947 39958 1
39950 39998 15
39977 40000 147
39994 40038 115
39995 40040 280
40021 40040 256
40038 40088 193
40050 40069 110
40069 40091 257
40097 40135 230
40109 40133 171
40139 40181 252
40146 40194 244
40176 40178 235
40192 40232 292
40204 40238 17
40228 40240 82
40243 40258 187
40257 40297 130
40260 40310 81
40273 40306 275
40301 40318 230
40319 40322 131
40330 40370 143
40346 40385 74
40355 40405 143
40372 40391 281
40387 40434 264
40417 40448 54
40444 40485 166
40461 40499 144
40487 40495 189
40515 40518 264
40536 40562 276
40542 40591 148
40564 40605 291
40594 40611 147
40607 40646 35
40620 40622 107
40640 40664 220
40645 40685 148
40656 40696 119
40670 40676 116
40699 40720 223
40722 40756 181
40732 40757 103
40751 40783 277
40756 40792 29
40765 40791 107
40779 40822 126
40789 40810 139
40806 40810 259
40832 40848 33
40843 40887 230
40844 40889 267
40867 40892 125
40867 40903 174
40892 40935 158
40892 40910 249
40904 40915 114
40915 40959 236
40937 40940 106
40954 40992 158
40963 41008 77
40979 41015 218
40992 41008 256
40996 41033 79
40999 41019 127
41007 41031 28
41019 41046 253
41031 41040 192
41058 41085 77
41059 41077 216
41061 41071 295
41086 41123 75
41115 41116 207
41129 41178 238
41157 41166 41
41168 41215 246
41171 41186 218
41198 41241 197
41225 41230 196
41228 41239 208
41246 41286 114
41271 41310 246
41279 41308 180
41295 41335 164
41300 41329 142
41323 41326 210
41344 41351 62
41357 41387 100
41381 41429 298
41386 41435 189
41407 41411 249
41429 41472 206
41459 41477 263
41469 41512 136
41479 41504 169
41479 41510 156
41483 41504 36
41484 41502 7
41513 41553 83
41519 41533 176
41549 41572 240
41551 41565 218
41551 41593 121
41556 41597 108
41572 41605 220
41600 41629 290
41630 41657 171
41642 41691 281
41653 41656 102
41672 41678 180
41697 41725 152
41722 41726 146
41740 41752 62
41747 41771 7
41762 41802 251
41765 41800 113
41786 41812 219
41794 41813 212
41806 41852 227
41833 41873 174
41850 41895 216
41858 41869 202
41876 41921 12
41894 41939 213
41906 41948 80
41922 41933 60
41941 41981 225
41959 41982 105
41982 42014 201
42003 42031 74
42024 42032 231
42037 42075 184
42045 42056 188
42055 42103 177
42058 42089 129
42086 42109 26
42116 42120 120
42135 42164 83
42165 42168 167
42186 42194 66
42202 42252 130
42230 42274 153
42253 42292 80
42255 42299 108
42264 42265 195
42289 42318 35
42289 42301 161
42309 42345 167
42333 42373 128
42349 42377 269
42366 42391 213
42380 42383 215
42405 42413 236
42413 42420 211
42419 42458 244
42443 42465 174
42465 42483 257
42479 42521 130
42484 42526 239
42494 42541 131
42513 42523 21
42527 42562 275
42535 42574 45
42548 42575 81
42578 42609 49
42584 42594 172
42610 42645 58
42617 42667 8
42625 42642 148
42649 42671 85
42665 42715 189
42687 42696 57
42705 42716 182
42733 42774 221
42745 42778 295
42774 42793 39
42778 42822 237
42781 42812 8
42791 42805 97
42807 42843 22
42815 42840 245
42831 42881 129
42852 42862 262
42865 42892 90
42883 42889 179
42905 42908 66
42911 42953 237
42934 42975 138
42944 42994 23
42945 42993 100
42954 42990 239
42977 43009 233
43004 43023 190
43013 43050 281
43031 43074 57
43037 43053 279
43046 43084 237
43064 43109 69
43069 43113 200
43099 43110 4
43126 43166 237
43145 43181 240
43173 43189 108
43189 43231 63
43199 43247 177
43219 43235 47
43229 43261 99
43258 43274 51
43271 43295 181
43289 43320 208
43297 43316 158
43300 43330 112
43324 43374 66
43348 43376 275
43372 43421 136
43384 43401 48
43397 43425 143
43419 43430 144
43426 43470 231
43429 43460 80
43450 43497 244
43473 43521 149
43485 43486 108
43511 43535 242
43511 43518 173
43512 43544 209
43516 43566 157
43536 43551 220
43549 43561 249
43574 43586 252
43580 43630 146
43608 43654 117
43610 43628 223
43611 43615 124
43641 43673 93
43645 43665 278
43661 43696 141
43664 43674 45
43693 43734 142
43697 43738 277
43707 43740 66
43717 43754 29
43719 43732 11
43747 43753 205
43753 43795 118
43764 43795 172
43792 43836 25
43814 43862 182
43838 43839 248
43864 43876 126
43878 43904 267
43908 43912 137
43922 43925 282
43924 43953 143
43928 43957 25
43952 43982 185
43979 44007 12
44001 44024 293
44027 44051 127
44048 44064 30
44074 44099 55
44082 44131 226
44099 44134 181
44103 44128 201
44112 44148 165
44130 44154 258
44133 44149 100
44146 44176 140
44146 44183 270
44165 44178 222
44171 44214 258
44182 44205 163
44193 44197 120
44195 44239 117
44202 44214 76
44217 44256 290
44228 44256 141
44246 44270 156
44249 44291 8
44250 44296 5
44270 44288 273
44293 44305 9
44313 44362 237
44321 44329 298
44322 44325 20
44322 44345 298
44336 44380 50
44364 44377 237
44372 44396 99
44389 44415 116
44391 44396 88
44419 44441 69
44449 44498 21
44459 44509 40
44487 44510 74
44512 44514 19
44540 44569 270
44566 44593 291
44579 44583 138
44589 44619 51
44598 44638 239
44612 44641 222
44620 44645 282
44627 44675 39
44634 44682 236
44662 44674 77
44691 44739 18
44709 44756 63
44732 44744 124
44755 44784 170
44779 44810 60
44782 44824 94
44805 44853 47
44822 44826 70
44838 44855 48
44866 44901 229
44874 44883 288
44882 44923 228
44884 44922 150
44903 44924 300
44924 44953 72
44934 44947 211
44958 44983 89
44970 45008 256
44990 45036 78
45011 45047 236
45027 45053 3
45027 45045 16
45055 45076 141
45083 45101 283
45112 45122 142
45142 45174 87
45159 45209 286
45188 45221 132
45214 45240 85
45226 45242 1
45238 45254 292
45257 45291 77
45287 45291 61
45307 45348 197
45337 45356 52
45339 45378 12
45354 45379 81
45378 45407 121
45384 45433 149
45384 45428 96
45409 45459 102
45426 45467 20
45426 45462 33
45444 45479 12
45456 45474 233
45470 45494 270
45489 45526 248
45505 45526 161
45532 45555 204
45543 45577 293
45545 45551 254
45572 45574 252
45598 45636 176
45617 45659 98
45626 45663 82
45653 45685 197
45659 45697 299
45673 45699 92
45684 45715 293
45710 45725 76
45731 45734 35
45740 45745 151
45753 45766 168
45758 45767 238
45758 45787 2
45788 45790 107
45797 45804 24
45801 45818 78
45819 45851 295
45847 45894 177
45867 45892 127
45871 45920 90
45890 45898 251
45902 45948 244
45920 45949 266
45944 45983 269
45962 45981 151
45967 46015 180
45991 46033 124
45999 46019 299
46003 46016 125
46016 46065 264
46025 46043 95
46046 46049 270
46058 46092 142
46073 46080 137
46078 46103 102
46106 46133 222
46125 46159 204
46135 46136 231
46165 46195 156
46170 46218 244
46186 46200 214
46203 46209 128
46220 46241 159
46244 46294 295
46252 46283 16
46279 46305 151
46295 46302 131
46298 46301 295
46316 46358 223
46325 46336 232
46339 46378 46
46341 46348 197
46354 46380 111
46359 46364 298
46388 46426 207
46415 46455 262
46430 46440 263
46459 46505 248
46482 46529 152
46487 46506 77
46512 46537 92
46528 46533 286
46545 46595 156
46565 46596 24
46567 46614 79
46595 46640 2
46610 46621 79
46636 46643 29
46659 46699 214
46663 46672 6
46691 46732 202
46715 46727 211
46741 46763 300
46741 46754 33
46767 46794 257
46788 46803 21
46793 46805 42
46805 46813 152
46826 46837 118
46846 46878 199
46849 46850 186
46854 46884 23
46868 46890 162
46880 46904 171
46900 46916 146
46908 46919 123
46909 46930 181
46920 46951 159
46935 46941 89
46963 46995 152
46990 46994 270
47007 47024 43
47013 47053 51
47041 47064 69
47049 47085 235
47056 47067 198
47058 47073 289
47087 47120 24
47099 47144 227
47099 47104 65
47119 47144 137
47146 47154 239
47156 47187 81
47164 47200 5
47189 47230 199
47206 47245 53
47229 47269 230
47235 47284 30
47253 47301 70
47254 47265 188
47272 47312 49
47274 47310 41
47299 47319 43
47311 47340 1
47318 47335 99
47340 47379 154
47353 47361 23
47379 47410 228
47384 47405 179
47386 47408 160
47399 47439 27
47425 47429 286
47428 47450 106
47452 47498 94
47476 47482 6
47484 47513 132
47484 47492 40
47497 47509 142
47507 47513 219
47520 47534 165
47538 47579 55
47546 47559 141
47560 47570 140
47585 47598 288
47605 47632 300
47606 47644 248
47620 47631 50
47630 47680 289
47645 47656 85
47649 47667 126
47659 47698 13
47687 47727 47
47692 47719 252
47696 47724 110
47702 47723 85
47702 47707 94
47718 47740 97
47736 47751 151
47758 47765 23
47773 47818 231
47780 47806 261
47785 47815 184
47790 47796 200
47801 47827 234
47823 47844 179
47836 47869 241
47859 47890 144
47861 47862 6
47863 47889 210
47880 47904 274
47892 47932 57
47901 47935 163
47917 47958 118
47917 47961 144
47927 47941 114
47932 47970 200
47959 47993 94
47977 48027 253
47985 48006 155
48000 48022 24
48015 48019 251
48024 48063 285
48040 48049 176
48053 48057 87
48077 48079 11
48093 48096 106
48115 48149 180
48137 48149 10
48140 48183 107
48167 48209 151
48177 48194 154
48182 48185 12
48193 48217 16
48210 48213 75
48237 48250 53
48263 48306 175
48290 48334 280
48300 48335 83
48315 48340 226
48322 48359 219
48349 48396 216
48375 48376 217
48404 48410 153
48421 48460 112
48436 48484 205
48458 48465 37
48461 48465 20
48469 48470 285
48498 48512 285
48516 48523 298
48535 48558 100
48558 48575 64
48567 48590 159
48586 48622 58
48586 48635 184
48597 48637 217
48604 48636 155
48615 48639 282
48626 48649 168
48632 48639 234
48635 48668 148
48664 48710 222
48667 48670 254
48682 48691 79
48712 48739 181
48723 48773 64
48744 48748 80
48764 48800 59
48791 48806 30
48800 48844 130
48817 48820 148
48824 48850 248
48854 48879 189
48871 48875 31
48879 48908 52
48903 48907 61
48930 48953 90
48936 48983 232
48960 48973 228
48962 48988 181
48987 49030 32
49007 49052 266
49018 49042 61
49033 49042 295
49061 49089 117
49072 49120 35
49076 49102 300
49081 49113 130
49097 49144 106
49115 49162 212
49141 49155 69
49154 49177 229
49163 49198 197
49173 49208 91
49183 49185 139
49186 49205 128
49197 49225 125
49226 49247 25
49232 49275 218
49255 49257 154
49268 49296 35
49270 49315 129
49283 49330 292
49297 49306 80
49299 49335 274
49310 49339 109
49336 49365 56
49359 49360 62
49381 49382 95
49411 49416 210
49422 49465 62
49429 49442 23
49454 49499 17
49458 49474 193
49484 49505 220
49505 49532 228
49527 49553 265
49549 49573 160
49571 49608 125
49596 49631 125
49617 49642 155
49624 49626 253
49632 49670 90
49662 49702 268
49684 49723 22
49709 49714 104
49739 49761 166
49758 49807 118
49766 49781 198
49770 49806 262
49771 49786 111
49779 49816 23
49780 49804 236
49780 49819 120
49800 49807 166
49810 49853 58
49838 49849 94
49844 49851 271
49848 49882 208
49871 49890 119
49874 49902 43
49899 49927 277
49903 49941 149
49932 49958 11
49944 49951 252
49966 50010 55
49988 50021 87
50008 50020 168
50019 50042 164
50019 50043 39
50037 50067 70
50053 50077 168
50064 50087 84
50073 50119 164
50077 50099 258
50104 50106 98
50113 50123 126
50137 50166 203
50150 50172 118
50151 50159 190
50172 50173 267
50193 50208 195
50207 50239 135
50215 50264 70
50218 50233 23
50230 50269 226
50251 50262 199
50272 50273 160
50293 50339 295
50318 50321 13
50339 50344 258
50359 50405 74
50380 50396 265
50407 50443 115
50432 50443 231
50443 50444 203
50462 50472 118
50489 50514 53
50504 50539 183
50524 50540 208
50540 50570 17
50566 50581 144
50580 50622 271
50610 50654 85
50633 50652 186
50662 50703 33
50663 50698 58
50691 50715 144
50716 50755 146
50743 50774 1
50749 50791 211
50769 50803 30
50778 50792 12
50808 50809 258
50828 50852 38
50842 50887 259
50871 50891 15
50876 50908 128
50884 50926 42
50892 50918 178
50908 50951 220
50913 50952 9
50924 50966 171
50929 50935 169
50940 50962 176
50964 50969 49
50988 51024 69
50988 51007 206
51001 51036 87
51010 51024 177
51021 51031 226
51026 51064 75
51056 51091 67
51080 51083 124
51089 51100 22
51097 51145 293
51098 51142 261
51125 51144 80
51130 51137 208
51159 51199 191
51185 51201 135
51198 51203 46
51203 51205 8
51233 51236 67
51247 51281 57
51276 51287 180
51276 51293 145
51280 51288 72
51295 51330 199
51321 51340 155
51334 51372 5
51363 51383 36
51366 51396 215
51369 51388 272
51383 51403 263
51404 51421 67
51409 51438 188
51427 51468 210
51447 51453 128
51470 51490 115
51476 51486 231
51504 51510 119
51529 51552 159
51553 51563 44
51556 51592 155
51581 51603 182
51593 51629 121
51611 51642 276
51638 51654 76
51638 51652 23
51662 51696 152
51673 51705 182
51703 51728 153
51712 51721 233
51735 51750 97
51747 51794 204
51769 51771 91
51778 51815 44
51779 51783 155
51786 51796 72
51792 51814 262
51792 51836 88
51815 51851 123
51836 51855 29
51850 51892 205
51876 51894 39
51901 51906 155
51904 51915 239
51906 51911 188
51920 51926 133
51938 51978 115
51954 51978 65
51973 51984 237
51981 51985 127
51996 52026 61
52001 52051 233
52017 52033 68
52042 52078 209
52060 52078 9
52076 52077 243
52096 52115 247
52100 52111 158
52104 52142 193
52113 52146 59
52132 52182 42
52156 52187 295
52167 52204 51
52194 52244 13
52197 52218 114
52223 52249 162
52229 52245 25
52232 52270 158
52249 52277 64
52266 52300 211
52270 52285 224
52291 52292 155
52302 52313 33
52332 52336 268
52333 52382 250
52347 52395 129
52359 52377 137
52363 52373 97
52381 52427 238
52406 52424 252
52431 52434 281
52432 52463 182
52435 52474 88
52439 52473 81
52466 52514 94
52481 52530 35
52489 52527 223
52517 52536 145
52518 52552 99
52527 52575 94
52534 52535 74
52561 52606 195
52566 52587 194
52583 52606 176
52601 52610 259
52630 52650 60
52637 52675 260
52655 52656 212
52660 52704 56
52662 52667 69
52688 52705 107
52710 52746 7
52721 52742 273
52747 52764 218
52748 52757 131
52751 52795 239
52751 52772 36
52774 52790 251
52798 52827 277
52824 52856 140
52827 52874 140
52831 52872 40
52861 52898 208
52882 52889 21
52887 52926 99
52896 52907 15
52923 52964 66
52951 53001 215
52962 53004 288
52985 52994 270
52999 53008 197
53028 53062 190
53049 53070 34
53060 53068 179
53076 53097 179
53078 53090 119
53093 53136 116
53107 53129 153
53125 53136 282
53155 53176 25
53180 53188 299
53198 53223 249
53207 53223 187
53233 53270 157
53234 53282 280
53255 53284 194
53285 53335 300
53292 53324 274
53314 53342 159
53317 53318 62
53317 53342 30
53346 53385 37
53353 53371 186
53360 53397 227
53364 53366 100
53373 53407 168
53399 53402 269
53410 53411 62
53432 53460 112
53445 53493 58
53469 53474 72
53493 53500 57
53517 53551 233
53534 53541 8
53556 53605 225
53568 53594 220
53570 53587 106
53596 53600 97
53616 53666 10
53637 53664 205
53651 53700 259
53661 53702 282
53670 53694 296
53697 53711 250
53719 53755 223
53744 53778 295
53761 53806 119
53778 53781 205
53783 53813 186
53810 53832 238
53812 53844 214
53827 53852 49
53846 53876 132
53866 53893 137
53893 53907 190
53907 53909 110
53935 53954 177
53957 53993 159
53959 54000 9
53978 54004 144
53996 54017 33
54005 54018 184
54019 54059 151
54025 54031 53
54027 54075 202
54043 54082 6
54056 54078 18
54074 54084 300
54094 54124 172
54121 54140 184
54126 54129 211
54149 54158 160
54161 54195 29
54170 54180 249
54171 54220 103
54183 54194 296
54194 54206 227
54204 54216 173
54232 54252 202
54240 54252 39
54266 54301 198
54267 54271 274
54292 54318 191
54296 54337 258
54326 54361 269
54348 54398 19
54366 54414 288
54379 54417 240
54387 54415 260
54388 54424 180
54407 54446 214
54412 54428 30
54425 54475 17
54428 54475 29
54436 54477 121
54458 54476 288
54466 54484 252
54475 54479 146
54478 54506 290
54505 54523 160
54519 54533 2
54547 54589 39
54550 54597 275
54563 54568 255
54576 54615 1
54594 54606 134
54609 54639 156
54639 54654 129
54669 54710 15
54699 54734 289
54725 54770 300
54752 54797 103
54772 54786 284
54795 54820 88
54809 54817 184
54836 54882 252
54853 54900 183
54869 54904 287
54869 54908 92
54894 54922 290
54914 54918 2
54930 54965 79
54942 54963 142
54954 55002 56
54973 55022 91
54976 55019 82
54984 55003 247
54998 55021 142
55018 55048 112
55018 55059 120
55025 55063 163
55044 55045 39
55055 55088 20
55085 55120 42
55101 55149 51
55113 55163 179
55127 55161 232
55135 55146 62
55155 55178 154
55162 55206 93
55168 55213 112
55170 55203 64
55176 55217 191
55192 55195 22
55212 55229 148
55214 55260 7
55238 55279 255
55252 55302 271
55264 55313 15
55282 55312 184
55308 55311 260
55310 55318 140
55329 55342 61
55348 55379 71
55364 55366 183
55382 55426 51
55403 55452 38
55417 55430 2
55433 55461 236
55450 55489 89
55455 55472 105
55480 55510 122
55508 55524 198
55519 55521 99
55538 55547 207
55557 55582 297
55574 55589 158
55586 55619 141
55600 55622 30
55600 55611 71
55619 55666 201
55627 55643 18
55631 55663 201
55660 55699 172
55674 55714 197
55698 55746 143
55719 55731 43
55730 55747 52
55741 55777 187
55742 55781 118
55762 55781 206
55790 55808 198
55817 55821 112
55831 55835 215
55859 55905 70
55884 55888 172
55901 55921 61
55926 55958 81
55942 55945 292
55942 55972 277
55944 55971 95
55954 55989 273
55965 55976 171
55986 55991 180
56009 56023 20
56034 56073 158
56036 56041 178
56046 56068 95
56066 56073 212
56093 56139 113
56099 56146 135
56112 56151 211
56116 56143 264
56137 56162 195
56148 56195 53
56171 56203 273
56177 56222 237
56179 56180 236
56201 56239 258
56228 56264 228
56252 56257 75
56252 56283 113
56262 56263 299
56284 56313 175
56308 56313 165
56308 56344 110
56316 56355 260
56330 56355 211
56336 56360 134
56358 56375 222
56386 56428 271
56386 56390 128
56397 56418 207
56424 56462 141
56448 56464 97
56463 56470 220
56474 56519 74
56481 56514 44
56508 56537 216
56508 56515 30
56514 56535 62
56535 56561 57
56535 56553 218
56548 56550 140
56574 56620 255
56575 56622 193
56593 56636 66
56598 56611 163
56601 56625 8
56615 56664 232
56616 56631 34
56636 56643 183
56638 56662 183
56653 56654 121
56675 56719 127
56696 56744 180
56713 56722 292
56724 56748 91
56724 56773 68
56738 56771 225
56766 56777 15
56792 56824 23
56804 56852 31
56818 56832 298
56836 56884 163
56860 56899 48
56887 56898 59
56909 56932 223
56921 56951 76
56931 56952 9
56953 56971 135
56964 56987 285
56985 57033 111
56987 57002 210
57013 57037 64
57029 57063 76
57058 57077 74
57061 57085 115
57087 57095 151
57096 57117 219
57103 57114 220
57123 57147 86
57134 57153 166
57141 57180 2
57156 57194 209
57167 57206 10
57196 57215 4
57223 57261 195
57241 57245 293
57257 57279 255
57279 57293 152
57292 57309 75
57298 57313 183
57318 57324 70
57339 57376 41
57361 57375 136
57375 57398 274
57377 57417 53
57407 57450 88
57419 57459 244
57429 57479 129
57439 57488 151
57452 57468 225
57475 57507 130
57480 57490 267
57496 57535 261
57521 57564 210
57548 57557 281
57577 57608 72
57595 57611 172
57613 57659 133
57643 57670 182
57659 57701 99
57682 57705 168
57712 57740 257
57713 57760 52
57728 57740 79
57735 57781 224
57757 57804 218
57781 57783 48
57808 57827 203
57823 57864 64
57829 57855 164
57841 57887 222
57871 57894 235
57901 57931 174
57913 57936 260
57921 57952 226
57923 57946 165
57945 57988 12
57952 57997 76
57968 57992 124
57975 57981 128
57989 57994 67
58013 58042 248
58043 58072 218
58047 58055 223
58067 58107 145
58093 58094 124
58099 58126 249
58117 58122 215
58131 58165 8
58156 58168 176
58173 58196 297
58176 58220 32
58203 58235 151
58226 58227 241
58253 58293 59
58254 58300 177
58264 58302 65
58294 58330 269
58294 58309 193
58306 58310 82
58333 58373 280
58343 58355 174
58366 58389 140
58383 58402 14
58389 58409 28
58405 58448 278
58422 58440 117
58426 58456 266
58439 58454 275
58466 58516 37
58475 58509 57
58505 58540 221
58506 58513 185
58506 58520 122
58507 58523 81
58512 58540 288
58516 58565 191
58522 58569 101
58528 58559 284
58544 58590 43
58545 58562 99
58548 58564 294
58550 58557 53
58554 58591 161
58567 58583 49
58575 58588 286
58578 58619 187
58604 58607 220
58604 58613 235
58628 58645 184
58629 58661 188
58647 58662 103
58666 58678 240
58667 58670 89
58695 58713 282
58702 58726 291
58718 58744 179
58731 58732 76
58759 58795 221
58760 58783 198
58765 58770 199
58781 58815 15
58805 58809 231
58818 58855 30
58821 58830 41
58824 58860 76
58850 58879 29
58861 58894 168
58866 58905 4
58871 58889 70
58891 58940 69
58918 58957 300
58933 58948 13
58936 58951 232
58966 59007 175
58982 59019 155
58991 58995 16
59020 59049 12
59023 59059 69
59049 59084 127
59073 59082 25
59076 59088 96
59102 59131 39
59116 59163 150
59136 59143 78
59156 59199 298
59186 59235 274
59191 59208 209
59205 59208 276
59206 59226 105
59222 59246 132
59234 59252 221
59263 59274 124
59292 59296 128
59298 59325 38
59319 59325 164
59335 59342 170
59363 59364 182
59389 59393 263
59410 59444 108
59418 59461 186
59429 59446 55
59433 59445 77
59451 59495 18
59457 59494 267
59472 59480 9
59486 59520 44
59497 59498 270
59516 59558 263
59520 59534 22
59528 59563 9
59529 59556 232
59554 59589 158
59581 59586 126
59610 59643 19
59622 59660 290
59628 59640 42
59630 59668 33
59649 59661 166
59655 59693 161
59672 59681 59
59682 59723 124
59702 59743 255
59730 59733 169
59745 59754 230
59770 59801 45
59781 59798 124
59800 59821 279
59803 59806 102
59809 59859 275
59836 59882 228
59860 59900 261
59864 59896 126
59864 59913 105
59885 59934 293
59908 59943 202
59920 59962 191
59939 59977 99
59947 59959 202
59957 59986 286
59987 60014 187
60004 60038 223
60014 60051 283
60044 60082 163
60070 60112 62
60096 60110 147
60105 60155 268
60110 60120 33
60111 60136 232
60118 60133 269
60146 60180 135
60172 60195 242
60172 60207 214
60183 60208 60
60183 60227 138
60188 60212 262
60188 60190 157
60208 60242 101
60230 60249 286
60254 60276 269
60269 60287 14
60274 60287 242
60293 60323 157
60294 60337 245
60301 60313 183
60309 60351 2
60314 60341 281
60339 60348 112
60364 60367 243
60369 60380 116
60398 60414 184
60419 60434 54
60420 60445 79
60448 60455 144
60475 60523 187
60475 60522 75
60477 60520 267
60492 60496 76
60522 60532 275
60551 60583 263
60566 60607 264
60586 60614 140
60605 60615 6
60621 60670 126
60632 60682 17
60650 60691 136
60656 60679 177
60686 60696 257
60714 60731 23
60731 60755 255
60742 60765 142
60755 60793 27
60761 60787 52
60778 60825 66
60786 60787 7
60816 60852 176
60827 60860 141
60844 60865 32
60861 60905 265
60879 60900 78
60893 60936 251
60917 60964 156
60922 60946 144
60946 60974 126
60946 60974 145
60974 61010 180
61004 61040 34
61020 61054 106
61034 61069 176
61043 61088 74
61050 61052 180
61066 61080 251
61077 61079 215
61086 61101 261
61105 61145 230
61109 61148 7
61113 61115 202
61122 61138 33
61152 61173 210
61154 61160 140
61179 61192 126
61185 61201 171
61215 61229 180
61222 61239 217
61224 61264 225
61247 61289 156
61249 61278 233
61276 61317 224
61286 61335 132
61316 61317 107
61339 61383 176
61354 61364 81
61375 61406 91
61393 61427 99
61410 61418 18
61438 61461 185
61466 61471 237
61471 61515 242
61482 61501 247
61502 61541 163
61515 61563 27
61516 61562 136
61535 61562 67
61542 61565 64
61571 61613 142
61601 61641 201
61601 61606 210
61611 61616 269
61624 61637 289
61653 61658 82
61681 61688 146
61681 61717 153
61681 61720 110
61700 61719 96
61722 61756 152
61722 61736 25
61727 61736 236
61727 61744 113
61742 61746 251
61768 61769 199
61783 61832 104
61803 61811 214
61815 61845 245
61831 61844 191
61851 61865 9
61872 61913 289
61889 61916 172
61895 61912 173
61918 61963 227
61937 61972 236
61959 62000 219
61967 62010 102
61980 61981 11
62008 62045 152
62020 62024 153
62038 62041 4
62041 62089 61
62045 62092 249
62051 62079 49
62052 62098 47
62057 62083 245
62061 62085 132
62089 62137 249
62094 62127 66
62123 62164 159
62141 62171 156
62166 62187 262
62168 62215 113
62174 62207 199
62190 62238 226
62214 62257 124
62226 62238 40
62238 62272 69
62264 62274 4
62271 62306 292
62274 62300 300
62282 62325 265
62285 62298 160
62312 62351 210
62333 62357 71
62337 62370 209
62353 62370 61
62362 62393 202
62365 62385 69
62379 62395 21
62391 62416 220
62408 62447 125
62430 62469 238
62457 62466 72
62476 62496 97
62480 62514 192
62481 62527 152
62482 62488 268
62490 62510 86
62491 62523 220
62501 62533 289
62511 62547 92
62524 62571 119
62530 62539 184
62535 62551 41
62556 62605 257
62579 62592 182
62596 62641 266
62596 62638 287
62617 62661 170
62627 62666 112
62642 62670 61
62648 62664 165
62675 62707 89
62677 62711 243
62679 62724 91
62696 62699 80
62700 62724 54
62719 62732 181
62735 62774 274
62755 62784 57
62755 62796 176
62772 62779 22
62774 62806 211
62776 62808 11
62781 62815 244
62784 62793 86
62791 62814 115
62803 62810 153
62805 62820 213
62805 62833 88
62807 62811 87
62834 62867 237
62860 62902 252
62863 62893 113
62880 62916 26
62882 62901 295
62886 62933 75
62887 62923 71
62891 62935 206
62920 62970 174
62933 62982 56
62952 62959 250
62975 62991 166
62982 62989 113
62995 63024 274
63005 63014 120
63019 63046 110
63041 63058 112
63051 63081 48
63062 63102 78
63088 63124 40
63118 63145 75
63140 63164 232
63162 63206 176
63178 63197 92
63208 63222 215
63236 63277 135
63256 63272 106
63274 63285 200
63298 63344 218
63328 63363 103
63330 63353 6
63332 63341 91
63334 63376 72
63335 63349 65
63341 63351 268
63351 63367 184
63356 63387 280
63384 63422 142
63386 63397 190
63403 63430 269
63427 63440 174
63456 63492 10
63459 63470 216
63486 63488 46
63487 63522 14
63503 63547 284
63516 63523 179
63528 63532 167
63542 63567 185
63546 63560 82
63565 63591 107
63588 63591 15
63596 63634 19
63617 63667 139
63647 63660 272
63649 63689 196
63663 63677 160
63663 63683 115
63665 63673 111
63689 63737 275
63699 63719 218
63726 63740 167
63735 63747 89
63754 63792 175
63774 63799 232
63775 63780 262
63786 63796 281
63812 63841 114
63839 63883 115
63855 63896 65
63866 63914 247
63867 63868 173
63873 63900 114
63878 63925 280
63908 63956 286
63934 63955 172
63964 64012 143
63973 64001 112
63983 64004 147
64005 64047 168
64021 64057 52
64025 64064 11
64036 64054 16
64050 64087 58
64071 64080 142
64077 64118 8
64094 64132 255
64105 64125 71
64123 64139 274
64135 64139 103
64151 64186 111
64154 64195 136
64169 64215 188
64196 64204 156
64205 64207 206
64208 64225 31
64212 64220 42
64231 64271 288
64233 64273 277
64254 64300 282
64265 64286 211
64286 64317 251
64286 64310 183
64291 64302 47
64304 64323 118
64316 64324 14
64326 64353 197
64349 64374 177
64352 64387 44
64364 64396 144
64390 64426 67
64406 64425 124
64411 64436 87
64421 64455 188
64446 64449 156
64466 64494 267
64475 64479 4
64491 64509 81
64511 64545 277
64535 64556 45
64559 64570 221
64577 64605 295
64602 64633 189
64618 64663 140
64618 64643 56
64620 64632 192
64645 64649 44
64663 64710 191
64687 64729 16
64687 64709 229
64704 64735 156
64733 64753 41
64736 64783 175
64764 64777 257
64785 64802 265
64807 64827 81
64813 64823 182
64824 64836 40
64833 64869 155
64836 64870 236
64845 64856 12
64875 64888 97
64882 64922 48
64904 64905 6
64931 64946 290
64954 64960 126
64956 64999 69
64979 65000 122
64990 65035 293
64990 65018 114
65003 65043 162
65025 65028 87
65025 65034 238
65054 65056 44
65057 65099 300
65070 65105 4
65091 65101 153
65099 65125 27
65101 65115 74
65118 65151 2
65147 65184 230
65151 65174 300
65154 65197 74
65157 65170 197
65165 65171 236
65172 65217 192
65173 65210 136
65199 65211 39
65207 65247 253
65226 65265 97
65233 65277 209
65239 65277 205
65241 65260 91
65258 65263 142
65273 65320 41
65294 65330 102
65317 65360 232
65332 65365 176
65343 65362 186
65371 65420 69
65397 65443 217
65399 65429 208
65405 65410 87
65413 65425 156
65435 65459 130
65454 65489 46
65476 65500 180
65504 65530 48
65514 65519 270
65514 65515 3
65522 65539 102
65531 65553 66
65558 65573 194
65572 65597 137
65584 65591 7
65610 65658 24
65617 65622 202
65618 65634 251
65635 65667 5
65659 65671 10
65674 65719 29
65684 65727 135
65705 65743 61
65717 65736 153
65734 65738 288
65738 65769 222
65760 65808 257
65764 65790 283
65777 65798 78
65805 65855 279
65816 65829 258
65842 65862 154
65872 65902 1
65885 65925 234
65906 65952 201
65909 65956 100
65913 65955 38
65942 65984 254
65963 66004 88
65968 65978 146
65968 65969 196
65977 65996 299
65983 65987 131
66012 66059 123
66013 66031 16
66020 66030 120
66046 66049 103
66057 66098 276
66062 66066 157
66072 66096 265
66081 66084 81
66094 66122 36
66094 66134 132
66104 66116 160
66105 66113 65
66126 66140 22
66138 66154 123
66158 66202 207
66167 66174 250
66183 66230 24
66197 66211 128
66214 66220 163
66223 66255 218
66245 66271 240
66267 66292 150
66276 66286 173
66277 66298 86
66286 66320 19
66311 66343 239
66315 66348 22
66336 66340 117
66350 66359 300
66378 66403 219
66402 66416 134
66405 66439 256
66415 66451 84
66422 66454 230
66432 66451 249
66456 66500 172
66468 66477 101
66471 66499 71
66501 66508 35
66504 66530 228
66519 66521 171
66549 66569 176
66560 66580 146
66561 66585 294
66588 66602 24
66613 66631 54
66642 66680 103
66664 66700 177
66674 66679 105
66693 66701 82
66696 66730 259
66715 66747 206
66724 66772 23
66737 66743 248
66753 66779 207
66773 66819 64
66800 66812 239
66811 66833 119
66815 66832 39
66844 66868 245
66853 66871 45
66862 66864 183
66882 66929 157
66897 66935 259
66910 66952 266
66919 66946 159
66938 66940 61
66943 66978 227
66946 66967 178
66960 67008 92
66970 66973 34
66977 66993 214
66982 67000 83
66994 67019 106
67001 67045 175
67005 67046 11
67023 67046 84
67033 67071 107
67060 67062 171
67070 67098 280
67078 67103 50
67102 67118 16
67114 67158 288
67125 67150 239
67137 67173 63
67141 67168 219
67153 67175 163
67153 67190 202
67179 67192 151
67183 67212 249
67209 67223 234
67237 67240 37
67265 67292 129
67265 67304 285
67270 67300 157
67272 67321 224
67292 67336 177
67296 67310 267
67314 67348 177
67334 67365 143
67343 67371 102
67370 67371 235
67391 67413 80
67392 67406 247
67404 67451 4
67427 67472 202
67455 67463 232
67461 67492 281
67464 67509 122
67485 67519 168
67494 67513 198
67494 67519 135
67508 67553 126
67511 67556 79
67524 67531 3
67549 67587 86
67567 67607 241
67579 67620 117
67588 67590 272
67611 67632 215
67629 67639 41
67637 67672 143
67665 67702 146
67693 67718 26
67693 67700 252
67709 67740 101
67738 67768 113
67749 67794 55
67752 67754 171
67771 67781 59
67774 67792 76
67785 67800 193
67794 67826 290
67801 67823 167
67804 67817 111
67811 67846 247
67823 67870 273
67853 67872 129
67868 67884 259
67872 67888 207
67886 67895 80
67909 67921 138
67916 67926 52
67927 67959 244
67944 67954 117
67960 68001 211
67980 68002 160
68004 68018 184
68027 68068 116
68029 68047 149
68051 68086 262
68054 68089 180
68068 68118 262
68079 68094 82
68103 68150 57
68119 68150 236
68136 68143 20
68142 68175 184
68161 68202 160
68161 68187 83
68181 68196 25
68183 68222 97
68187 68206 21
68216 68242 214
68238 68264 34
68251 68257 286
68272 68316 191
68289 68338 12
68298 68340 90
68323 68331 9
68335 68378 282
68357 68400 186
68359 68379 40
68377 68424 236
68401 68406 29
68429 68441 96
68455 68482 37
68463 68470 240
68480 68507 158
68495 68525 110
68511 68549 164
68531 68573 192
68550 68578 157
68557 68569 47
68585 68596 32
68613 68652 276
68616 68639 298
68645 68669 279
68671 68684 237
68696 68736 50
68719 68738 237
68724 68764 218
68743 68744 88
68746 68762 283
68752 68786 43
68769 68792 94
68787 68830 48
68811 68856 257
68831 68874 39
68850 68877 267
68876 68917 20
68893 68923 140
68895 68935 218
68916 68966 101
68936 68958 150
68940 68984 100
68949 68968 30
68976 68982 103
68991 69014 24
69003 69017 300
69030 69079 229
69055 69073 162
69070 69087 292
69080 69130 66
69086 69115 56
69090 69096 52
69115 69153 85
69116 69154 215
69142 69188 165
69157 69202 262
69174 69190 102
69189 69212 144
69202 69204 174
69217 69260 195
69229 69278 59
69252 69294 21
69276 69308 229
69282 69331 282
69285 69326 81
69301 69317 229
69317 69349 142
69330 69361 98
69330 69332 251
69333 69383 169
69339 69344 52
69368 69413 270
69389 69411 55
69405 69448 1
69422 69453 279
69428 69431 145
69430 69432 209
69456 69488 205
69465 69491 164
69474 69479 12
69488 69495 14
69496 69506 30
69514 69549 187
69544 69589 207
69566 69610 72
69584 69604 65
69586 69620 102
69590 69610 220
69595 69611 172
69603 69623 260
69617 69624 207
69629 69659 237
69653 69659 119
69677 69724 170
69705 69707 131
69717 69734 33
69724 69773 108
69732 69753 10
69739 69763 159
69745 69775 108
69760 69806 300
69765 69813 23
69766 69796 124
69770 69795 115
69784 69799 49
69808 69857 91
69836 69865 125
69862 69888 260
69865 69885 6
69888 69897 59
69888 69902 35
69912 69917 35
69920 69965 232
69946 69965 11
69964 69975 97
69993 70017 180
70012 70032 73
70026 70060 16
70046 70051 294
70052 70076 177
70082 70131 247
70105 70137 213
70117 70158 176
70136 70152 290
70147 70174 31
70167 70214 77
70197 70212 294
70209 70237 291
70232 70268 146
70233 70239 142
70252 70271 162
70276 70310 107
70288 70312 199
70292 70322 294
70304 70350 210
70305 70341 251
70328 70366 158
70348 70356 125
70365 70405 207
70388 70399 162
70413 70430 128
70441 70485 30
70453 70474 37
70464 70474 155
70485 70510 19
70509 70532 279
70539 70565 197
70545 70549 271
70554 70595 268
70567 70606 286
70596 70644 191
70624 70636 26
70628 70642 281
70656 70663 7
70665 70714 250
70671 70674 129
70701 70748 252
70709 70752 145
70717 70735 169
70730 70754 205
70741 70779 15
70754 70763 61
70783 70793 233
70796 70827 241
70801 70812 104
70819 70842 83
70819 70831 189
70845 70868 242
70859 70890 19
70869 70880 245
70898 70919 48
70926 70971 67
70953 70999 136
70980 70985 163
71002 71042 101
71029 71051 263
71030 71057 92
71055 71079 65
71082 71088 21
71099 71140 113
71109 71124 153
71118 71130 264
71147 71154 176
71163 71173 260
71163 71192 122
71167 71195 300
71180 71181 11
71198 71234 200
71205 71245 296
71217 71220 178
71230 71255 149
71253 71282 58
71281 71293 254
71287 71292 284
71298 71333 14
71324 71326 155
71329 71331 164
71330 71360 77
71336 71361 115
71343 71371 18
71365 71404 199
71385 71393 295
71406 71412 107
71423 71449 34
71437 71451 106
71447 71449 17
71449 71485 140
71479 71521 173
71506 71507 263
71529 71542 278
71553 71589 181
71582 71628 191
71584 71592 288
71600 71638 47
71610 71650 11
71640 71675 63
71652 71679 26
71675 71697 114
71690 71734 46
71701 71739 14
71728 71764 24
71730 71767 146
71738 71761 286
71768 71791 135
71783 71800 23
71806 71839 299
71833 71879 198
71844 71864 298
71871 71899 173
71882 71917 217
71896 71906 174
71908 71920 32
71921 71956 223
71948 71959 55
71973 71990 80
71991 72025 89
72015 72055 283
72030 72078 157
72060 72083 211
72080 72129 3
72108 72125 26
72112 72140 137
72118 72160 154
72123 72164 230
72139 72177 145
72145 72148 22
72171 72215 277
72186 72218 82
72196 72204 3
72211 72221 182
72227 72253 143
72249 72285 174
72254 72274 32
72283 72291 270
72286 72324 65
72304 72346 47
72313 72315 262
72322 72348 293
72329 72379 84
72353 72396 173
72376 72377 133
72389 72406 61
72401 72421 297
72429 72468 196
72438 72476 123
72466 72497 276
72473 72508 296
72473 72477 254
72487 72508 45
72509 72539 47
72527 72568 112
72552 72581 160
72572 72601 295
72584 72600 257
72611 72652 144
72635 72668 217
72637 72672 144
72666 72696 26
72669 72683 59
72678 72706 213
72702 72705 275
72732 72758 47
72738 72788 163
72767 72783 296
72796 72797 40
72797 72801 23
72809 72843 26
72836 72864 197
72846 72887 300
72873 72915 196
72874 72878 199
72896 72936 57
72910 72954 232
72940 72980 149
72943 72971 219
72950 72969 274
72956 72999 94
72960 72973 299
72986 73012 258
73012 73041 32
73037 73063 32
73067 73075 234
73081 73086 207
73093 73122 170
73111 73136 19
73116 73163 226
73118 73126 240
73129 73142 85
73153 73187 92
73156 73186 278
73180 73206 137
73188 73210 33
73211 73254 8
73224 73244 250
73226 73268 186
73232 73241 213
73252 73266 86
73277 73297 153
73291 73306 169
73302 73317 121
73325 73367 109
73348 73351 284
73349 73367 133
73375 73383 16
73375 73392 289
73376 73387 139
73390 73437 159
73418 73467 285
73431 73471 45
73443 73489 276
73459 73493 159
73476 73516 277
73504 73530 216
73530 73550 87
73548 73572 78
73548 73582 133
73549 73590 49
73571 73591 67
73571 73593 92
73583 73624 126
73598 73648 107
73601 73634 55
73629 73672 74
73644 73653 67
73669 73704 54
73679 73704 168
73696 73697 224
73712 73742 51
73721 73735 181
73733 73742 219
73750 73784 34
73772 73820 99
73797 73843 296
73817 73835 238
73828 73870 95
73858 73883 51
73858 73902 255
73867 73902 115
73886 73890 226
73888 73931 32
73889 73892 103
73894 73911 33
73915 73943 15
73941 73984 12
73965 73989 293
73981 74010 138
73998 74005 145
74017 74058 113
74035 74075 69
74039 74054 251
74060 74079 62
74076 74077 171
74086 74121 278
74114 74126 224
74122 74152 178
74145 74179 77
74153 74160 36
74153 74203 22
74164 74182 59
74186 74197 180
74196 74238 117
74209 74252 109
74238 74239 236
74258 74285 2
74266 74289 106
74270 74292 144
74285 74289 61
74314 74331 127
74324 74343 35
74350 74393 251
74356 74380 165
74359 74405 287
74381 74420 253
74409 74427 39
74414 74433 276
74438 74482 120
74467 74503 37
74491 74496 283
74521 74565 154
74551 74588 200
74552 74588 172
74564 74584 252
74567 74595 68
74575 74598 162
74588 74618 212
74608 74648 297
74621 74630 133
74637 74644 64
74660 74662 183
74681 74685 170
74696 74705 90
74725 74732 4
74727 74773 216
74750 74784 162
